0.0001 396.358
0.0101 385.84
0.0201 386.038
0.0301 396.32
0.0401 382.431
0.0501 391.383
0.0601 394.321
0.0701 381.714
0.0801 391.958
0.0901 393.613
0.1001 380.475
0.1101 395.656
0.1201 388.338
0.1301 383.277
0.1401 396.22
0.1501 386.371
0.1601 385.091
0.1701 396.323
0.1801 382.648
0.1901 390.567
0.2001 395.704
0.2101 381.911
0.2201 392.625
0.2301 393.113
0.2401 382.103
0.2501 394.354
0.2601 390.307
0.2701 382.993
0.2801 395.988
0.2901 387.753
0.3001 385.492
0.3101 395.112
0.3201 383.998
0.3301 387.202
0.3401 397.152
0.3501 382.027
0.3601 391.014
0.3701 393.586
0.3801 381.625
0.3901 392.971
0.4001 391.965
0.4101 380.066
0.4201 396.875
0.4301 388.429
0.4401 385.816
0.4501 396.11
0.4601 385.242
0.4701 386.454
0.4801 398.603
0.4901 383.241
0.5001 391.772
0.5101 394.368
0.5201 382.676
0.5301 392.976
0.5401 393.544
0.5501 380.545
0.5601 394.658
0.5701 389.735
0.5801 384.661
0.5901 395.599
0.6001 386.978
0.6101 383.83
0.6201 396.964
0.6301 383.881
0.6401 389.152
0.6501 395.467
0.6601 381.689
0.6701 390.952
0.6801 395.537
0.6901 381.095
0.7001 394.07
0.7101 390.743
0.7201 383.239
0.7301 397.828
0.7401 388.584
0.7501 385.474
0.7601 396.709
0.7701 386.053
0.7801 389.431
0.7901 397.405
0.8001 382.179
0.8101 390.945
0.8201 394.817
0.8301 383.502
0.8401 392.474
0.8501 392.02
0.8601 381.299
0.8701 396.087
0.8801 389.626
0.8901 384.03
0.9001 395.105
0.9101 386.679
0.9201 386.171
0.9301 398.435
0.9401 381.976
0.9501 389.176
0.9601 394.998
0.9701 382.853
0.9801 392.388
0.9901 394.716
1.0001 380.282
1.0101 395.994
1.0201 390.355
1.0301 384.517
1.0401 396.249
1.0501 387.625
1.0601 385.948
1.0701 398.926
1.0801 384.391
1.0901 388.378
1.1001 394.593
1.1101 382.769
1.1201 391.229
1.1301 395.808
1.1401 381.535
1.1501 393.08
1.1601 391.974
1.1701 383.518
1.1801 395.196
1.1901 388.892
1.2001 383.218
1.2101 397.908
1.2201 386.642
1.2301 386.778
1.2401 396.077
1.2501 381.586
1.2601 390.249
1.2701 396.183
1.2801 382.104
1.2901 392.23
1.3001 392.969
1.3101 382.015
1.3201 396.137
1.3301 388.409
1.3401 383.996
1.3501 395.492
1.3601 387.597
1.3701 386.183
1.3801 397.029
1.3901 382.136
1.4001 388.675
1.4101 395.492
1.4201 383.823
1.4301 391.044
1.4401 394.965
1.4501 381.395
1.4601 395.408
1.4701 391.16
1.4801 383.321
1.4901 395.17
1.5001 388.76
1.5101 384.28
1.5201 398.955
1.5301 383.301
1.5401 387.188
1.5501 395.848
1.5601 383.115
1.5701 390.089
1.5801 395.148
1.5901 380.116
1.6001 393.845
1.6101 391.948
1.6201 382.64
1.6301 394.411
1.6401 388.583
1.6501 383.896
1.6601 396.844
1.6701 385.824
1.6801 386.306
1.6901 396.734
1.7001 384.97
1.7101 389.578
1.7201 396.708
1.7301 382.701
1.7401 392.192
1.7501 395.197
1.7601 382.996
1.7701 395.144
1.7801 390.673
1.7901 383.51
1.8001 396.614
1.8101 387.288
1.8201 384.36
1.8301 397.839
1.8401 383.344
1.8501 389.412
1.8601 395.772
1.8701 382.569
1.8801 389.86
1.8901 394.451
1.9001 381.494
1.9101 395.078
1.9201 390.32
1.9301 383.598
1.9401 395.402
1.9501 389.37
1.9601 383.966
1.9701 397.6
1.9801 385.586
1.9901 389.102
2.0001 398.283
2.0101 385.227
2.0201 389.225
2.0301 397.112
2.0401 382.306
2.0501 394.405
2.0601 393.48
2.0701 382.778
2.0801 395.314
2.0901 391.214
2.1001 382.669
2.1101 397.357
2.1201 385.338
2.1301 386.648
2.1401 398.253
2.1501 384.381
2.1601 388.236
2.1701 395.743
2.1801 382.286
2.1901 391.873
2.2001 393.74
2.2101 382.526
2.2201 394.171
2.2301 391.355
2.2401 384.056
2.2501 395.9
2.2601 388.142
2.2701 384.656
2.2801 398.388
2.2901 386.532
2.3001 388.179
2.3101 396.811
2.3201 383.774
2.3301 390.401
2.3401 396.445
2.3501 381.251
2.3601 393.846
2.3701 391.337
2.3801 383.787
2.3901 396.086
2.4001 389.494
2.4101 382.526
2.4201 398.549
2.4301 385.598
2.4401 388.384
2.4501 396.028
2.4601 383.584
2.4701 388.82
2.4801 397.212
2.4901 382.126
2.5001 392.221
2.5101 391.676
2.5201 383.011
2.5301 394.735
2.5401 391.264
2.5501 382.089
2.5601 396.67
2.5701 387.331
2.5801 385.898
2.5901 396.998
2.6001 384.419
2.6101 385.958
2.6201 397.71
2.6301 382.812
2.6401 391.203
2.6501 393.471
2.6601 381.043
2.6701 394.176
2.6801 392.552
2.6901 382.995
2.7001 396.656
2.7101 388.171
2.7201 385.064
2.7301 398.186
2.7401 385.161
2.7501 386.449
2.7601 395.704
2.7701 384.74
2.7801 390.443
2.7901 395.154
2.8001 380.971
2.8101 391.616
2.8201 392.089
2.8301 383.264
2.8401 394.121
2.8501 389.511
2.8601 382.228
2.8701 397.951
2.8801 386.033
2.8901 384.864
2.9001 395.423
2.9101 384.388
2.9201 388.36
2.9301 398.039
2.9401 381.218
2.9501 392.465
2.9601 393.005
2.9701 383.83
2.9801 395.327
2.9901 391.819
3.0001 382.358
3.0101 398.599
3.0201 387.963
3.0301 385.858
3.0401 396.125
3.0501 385.004
3.0601 387.058
3.0701 397.529
3.0801 383.349
3.0901 389.874
3.1001 393.37
3.1101 382.33
3.1201 392.989
3.1301 392.844
3.1401 381.009
3.1501 395.325
3.1601 389.362
3.1701 383.947
3.1801 397.124
3.1901 385.554
3.2001 385.116
3.2101 398.243
3.2201 384.781
3.2301 389.791
3.2401 396.074
3.2501 382.553
3.2601 394.597
3.2701 394.079
3.2801 383.558
3.2901 394.752
3.3001 390.741
3.3101 383.746
3.3201 398.16
3.3301 386.765
3.3401 385.455
3.3501 396.139
3.3601 386.339
3.3701 387.405
3.3801 396.39
3.3901 382.153
3.4001 391.775
3.4101 394.142
3.4201 383.245
3.4301 392.932
3.4401 391.772
3.4501 380.761
3.4601 397.659
3.4701 388.122
3.4801 384.636
3.4901 396.768
3.5001 386.598
3.5101 386.511
3.5201 398.289
3.5301 382.191
3.5401 391.16
3.5501 395.262
3.5601 383.586
3.5701 393.619
3.5801 392.439
3.5901 381.313
3.6001 395.707
3.6101 389.381
3.6201 383.708
3.6301 396.37
3.6401 387.45
3.6501 385.734
3.6601 397.297
3.6701 384.42
3.6801 387.66
3.6901 396.207
3.7001 383.709
3.7101 391.91
3.7201 393.971
3.7301 381.171
3.7401 394.345
3.7501 391.224
3.7601 381.607
3.7701 396.869
3.7801 387.47
3.7901 384.993
3.8001 397.056
3.8101 385.266
3.8201 386.207
3.8301 396.27
3.8401 382.427
3.8501 391.953
3.8601 392.994
3.8701 382.211
3.8801 392.14
3.8901 392.073
3.9001 381.308
3.9101 395.907
3.9201 388.03
3.9301 384.537
3.9401 396.645
3.9501 387.892
3.9601 385.258
3.9701 397.116
3.9801 383.175
3.9901 390.319
4.0001 395.271
4.0101 382.341
4.0201 391.031
4.0301 393.886
4.0401 380.676
4.0501 396.111
4.0601 388.685
4.0701 381.87
4.0801 396.399
4.0901 387.615
4.1001 384.159
4.1101 396.571
4.1201 383.333
4.1301 388.189
4.1401 395.6
4.1501 382.14
4.1601 390.19
4.1701 392.982
4.1801 382.395
4.1901 394.365
4.2001 391.945
4.2101 381.851
4.2201 395.897
4.2301 389.844
4.2401 384.59
4.2501 396.735
4.2601 386.459
4.2701 386.204
4.2801 397.725
4.2901 383.31
4.3001 389.59
4.3101 393.667
4.3201 381.768
4.3301 393.09
4.3401 393.658
4.3501 380.258
4.3601 395.503
4.3701 387.843
4.3801 384.01
4.3901 395.831
4.4001 386.654
4.4101 384.251
4.4201 397.396
4.4301 383.827
4.4401 389.941
4.4501 393.182
4.4601 382.262
4.4701 391.606
4.4801 395.464
4.4901 382.225
4.5001 395.177
4.5101 390.424
4.5201 383.401
4.5301 396.653
4.5401 389.382
4.5501 382.926
4.5601 397.435
4.5701 385.397
4.5801 388.371
4.5901 396.002
4.6001 381.535
4.6101 389.462
4.6201 395.66
4.6301 381.672
4.6401 394.389
4.6501 391.284
4.6601 381.138
4.6701 396.151
4.6801 389.353
4.6901 383.502
4.7001 395.515
4.7101 386.199
4.7201 386.659
4.7301 397.207
4.7401 383.686
4.7501 388.762
4.7601 394.464
4.7701 383.726
4.7801 392.859
4.7901 393.971
4.8001 380.776
4.8101 394.91
4.8201 390.947
4.8301 383.227
4.8401 395.226
4.8501 387.098
4.8601 383.59
4.8701 397.963
4.8801 383.891
4.8901 388.467
4.9001 394.296
4.9101 382.937
4.9201 391.765
4.9301 395.363
4.9401 379.692
4.9501 394.815
4.9601 390.58
4.9701 383.863
4.9801 395.428
4.9901 388.51
5.0001 382.984
5.0101 397.043
5.0201 385.455
5.0301 387.749
5.0401 395.196
5.0501 383.526
5.0601 389.717
5.0701 396.015
5.0801 381.023
5.0901 391.847
5.1001 392.011
5.1101 381.492
5.1201 395.138
5.1301 390.076
5.1401 380.929
5.1501 395.86
5.1601 386.243
5.1701 385.288
5.1801 396.976
5.1901 383.222
5.2001 389.181
5.2101 396.18
5.2201 382.638
5.2301 391.476
5.2401 392.794
5.2501 380.689
5.2601 395.501
5.2701 390.977
5.2801 382.989
5.2901 394.066
5.3001 388.245
5.3101 384.062
5.3201 396.462
5.3301 384.138
5.3401 387.597
5.3501 395.365
5.3601 383.794
5.3701 389.471
5.3801 394.418
5.3901 379.302
5.4001 393.402
5.4101 391.782
5.4201 382.141
5.4301 394.211
5.4401 389.466
5.4501 382.359
5.4601 397.932
5.4701 384.802
5.4801 387.44
5.4901 396.202
5.5001 384.28
5.5101 389.429
5.5201 395.717
5.5301 380.258
5.5401 392.632
5.5501 392.312
5.5601 382.219
5.5701 394.047
5.5801 390.045
5.5901 382.142
5.6001 395.796
5.6101 387.212
5.6201 384.403
5.6301 395.699
5.6401 384.52
5.6501 387.673
5.6601 396.11
5.6701 381.373
5.6801 390.236
5.6901 394.71
5.7001 380.923
5.7101 393.813
5.7201 391.383
5.7301 381.753
5.7401 396.248
5.7501 389.609
5.7601 383.98
5.7701 396.915
5.7801 384.495
5.7901 388.238
5.8001 395.659
5.8101 382.89
5.8201 388.894
5.8301 395.287
5.8401 381.377
5.8501 393.203
5.8601 391.029
5.8701 381.924
5.8801 393.495
5.8901 391.005
5.9001 383.004
5.9101 396.5
5.9201 385.779
5.9301 386.235
5.9401 396.167
5.9501 384.537
5.9601 387.316
5.9701 396.8
5.9801 381.349
5.9901 393.575
6.0001 393.794
6.0101 381.349
6.0201 393.448
6.0301 392.06
6.0401 382.61
6.0501 397.636
6.0601 386.584
6.0701 384.933
6.0801 396.103
6.0901 384.441
6.1001 386.9
6.1101 395.017
6.1201 381.87
6.1301 391.124
6.1401 395.253
6.1501 381.183
6.1601 391.846
6.1701 391.826
6.1801 382.884
6.1901 395.525
6.2001 390.047
6.2101 382.852
6.2201 397.005
6.2301 386.512
6.2401 386.491
6.2501 396.344
6.2601 383.168
6.2701 389.312
6.2801 397.802
6.2901 381.708
6.3001 392.715
6.3101 392.214
6.3201 382.235
6.3301 394.583
6.3401 391.185
6.3501 381.768
6.3601 396.028
6.3701 385.637
6.3801 386.658
6.3901 395.039
6.4001 383.832
6.4101 386.599
6.4201 396.694
6.4301 382.593
6.4401 391.991
6.4501 393.015
6.4601 381.877
6.4701 393.048
6.4801 393.445
6.4901 381.926
6.5001 395.347
6.5101 387.26
6.5201 385.054
6.5301 397.377
6.5401 385.617
6.5501 385.193
6.5601 397.319
6.5701 382.306
6.5801 391.205
6.5901 394.872
6.6001 380.588
6.6101 392.531
6.6201 393.367
6.6301 382.244
6.6401 394.587
6.6501 387.928
6.6601 382.621
6.6701 396.747
6.6801 386.637
6.6901 386.058
6.7001 395.525
6.7101 384.194
6.7201 388.527
6.7301 396.889
6.7401 381.731
6.7501 391.01
6.7601 394.076
6.7701 382.741
6.7801 393.403
6.7901 391.051
6.8001 380.358
6.8101 395.724
6.8201 387.634
6.8301 385.573
6.8401 396.153
6.8501 384.129
6.8601 386.389
6.8701 397.704
6.8801 381.222
6.8901 390.696
6.9001 393.168
6.9101 383.062
6.9201 393.311
6.9301 392.545
6.9401 380.807
6.9501 395.129
6.9601 387.72
6.9701 385.928
6.9801 396.315
6.9901 386.487
7.0001 385.931
7.0101 397.849
7.0201 383.418
7.0301 388.996
7.0401 394.606
7.0501 382.084
7.0601 391.829
7.0701 394.321
7.0801 380.355
7.0901 393.866
7.1001 389.225
7.1101 382.568
7.1201 396.798
7.1301 386.834
7.1401 384.555
7.1501 397.31
7.1601 384.059
7.1701 388.33
7.1801 396.575
7.1901 381.486
7.2001 391.882
7.2101 394.802
7.2201 383.386
7.2301 393
7.2401 391.871
7.2501 382.698
7.2601 397.075
7.2701 388.732
7.2801 385.366
7.2901 396.04
7.3001 386.703
7.3101 386.551
7.3201 397.697
7.3301 382.063
7.3401 389.047
7.3501 394.78
7.3601 382.585
7.3701 391.3
7.3801 392.81
7.3901 380.854
7.4001 396.471
7.4101 388.835
7.4201 384.028
7.4301 395.993
7.4401 386.912
7.4501 385.809
7.4601 398.698
7.4701 383.106
7.4801 390.24
7.4901 395.529
7.5001 383.657
7.5101 391.808
7.5201 394.343
7.5301 382.392
7.5401 395.678
7.5501 391.697
7.5601 384.284
7.5701 395.961
7.5801 388.078
7.5901 384.361
7.6001 397.696
7.6101 385.019
7.6201 386.804
7.6301 396.994
7.6401 382.546
7.6501 389.826
7.6601 394.925
7.6701 381.001
7.6801 393.287
7.6901 393.387
7.7001 382.81
7.7101 396.522
7.7201 387.607
7.7301 383.948
7.7401 397.087
7.7501 386.628
7.7601 385.834
7.7701 397.495
7.7801 383.475
7.7901 390.743
7.8001 394.738
7.8101 382.886
7.8201 390.838
7.8301 394.513
7.8401 383.063
7.8501 395.791
7.8601 389.338
7.8701 383.266
7.8801 395.702
7.8901 388.313
7.9001 384.109
7.9101 397.538
7.9201 383.608
7.9301 388.782
7.9401 396.526
7.9501 383.01
7.9601 389.789
7.9701 395
7.9801 381.577
7.9901 396.071
8.0001 390.539
8.0101 382.73
8.0201 395.129
8.0301 388.138
8.0401 384.049
8.0501 397.236
8.0601 383.802
8.0701 386.752
8.0801 396.746
8.0901 384.003
8.1001 389.183
8.1101 394.103
8.1201 382.168
8.1301 393.126
8.1401 393.586
8.1501 381.611
8.1601 394.593
8.1701 389.696
8.1801 383.963
8.1901 397.414
8.2001 386.673
8.2101 384.046
8.2201 398.351
8.2301 384.569
8.2401 389.641
8.2501 395.862
8.2601 382.725
8.2701 391.908
8.2801 395.088
8.2901 381.033
8.3001 394.431
8.3101 388.597
8.3201 383.859
8.3301 396.021
8.3401 388.012
8.3501 382.982
8.3601 396.53
8.3701 384.131
8.3801 388.511
8.3901 395.669
8.4001 383.935
8.4101 389.198
8.4201 395.911
8.4301 382.704
8.4401 393.88
8.4501 391.047
8.4601 382.734
8.4701 396.729
8.4801 391.595
8.4901 383.546
8.5001 397.938
8.5101 385.355
8.5201 387.668
8.5301 398.366
8.5401 384.648
8.5501 389.046
8.5601 396.318
8.5701 382.523
8.5801 393.747
8.5901 391.477
8.6001 380.805
8.6101 394.813
8.6201 390.641
8.6301 383.962
8.6401 396.1
8.6501 386.438
8.6601 384.452
8.6701 397.746
8.6801 385.041
8.6901 388.149
8.7001 396.113
8.7101 384.315
8.7201 391.46
8.7301 395.929
8.7401 381.457
8.7501 394.463
8.7601 392.207
8.7701 384.345
8.7801 397.564
8.7901 389.822
8.8001 383.328
8.8101 399.118
8.8201 386.1
8.8301 388.469
8.8401 396.3
8.8501 384.14
8.8601 389.764
8.8701 396.256
8.8801 381.585
8.8901 393.51
8.9001 390.632
8.9101 383.673
8.9201 395.512
8.9301 390.505
8.9401 382.454
8.9501 397.102
8.9601 387.257
8.9701 386.864
8.9801 396.286
8.9901 384.724
9.0001 387.946
9.0101 397.129
9.0201 382.674
9.0301 392.249
9.0401 393.468
9.0501 382.33
9.0601 395.446
9.0701 391.802
9.0801 381.867
9.0901 397.393
9.1001 387.787
9.1101 385.496
9.1201 398.01
9.1301 384.507
9.1401 387.278
9.1501 396.066
9.1601 383.356
9.1701 390.914
9.1801 394.734
9.1901 381.865
9.2001 394.718
9.2101 391.852
9.2201 383.123
9.2301 394.739
9.2401 389.92
9.2501 383.065
9.2601 398.308
9.2701 386.357
9.2801 385.522
9.2901 395.24
9.3001 384.408
9.3101 388.031
9.3201 396.169
9.3301 381.012
9.3401 393.193
9.3501 393.076
9.3601 382.202
9.3701 394.018
9.3801 390.138
9.3901 381.937
9.4001 398.43
9.4101 386.859
9.4201 386.125
9.4301 395.713
9.4401 385.342
9.4501 388.032
9.4601 396.4
9.4701 382.475
9.4801 392.79
9.4901 394.23
9.5001 383.657
9.5101 393.885
9.5201 391.531
9.5301 381.927
9.5401 396.576
9.5501 388.747
9.5601 383.566
9.5701 396.156
9.5801 385.345
9.5901 385.696
9.6001 396.493
9.6101 382.298
9.6201 389.545
9.6301 395.161
9.6401 381.863
9.6501 394.031
9.6601 392.22
9.6701 381.04
9.6801 395.912
9.6901 390.791
9.7001 383.472
9.7101 397.662
9.7201 386.101
9.7301 387.17
9.7401 397.2
9.7501 386.11
9.7601 388.344
9.7701 396.607
9.7801 383.082
9.7901 394.033
9.8001 393.641
9.8101 382.477
9.8201 393.063
9.8301 392.566
9.8401 381.97
9.8501 396.323
9.8601 386.57
9.8701 383.947
9.8801 396.663
9.8901 386.582
9.9001 386.44
9.9101 396.512
9.9201 381.732
9.9301 392.25
9.9401 394.361
9.9501 382.321
9.9601 393.596
9.9701 392.824
9.9801 382.596
9.9901 397.861
