0.0001 4.93429
0.0101 4.93358
0.0201 4.93269
0.0301 4.93122
0.0401 4.92908
0.0501 4.92608
0.0601 4.92224
0.0701 4.91757
0.0801 4.91242
0.0901 4.90688
0.1001 4.90174
0.1101 4.89716
0.1201 4.89414
0.1301 4.89368
0.1401 4.89642
0.1501 4.90255
0.1601 4.91233
0.1701 4.92613
0.1801 4.94379
0.1901 4.96474
0.2001 4.98872
0.2101 5.0143
0.2201 5.04052
0.2301 5.06635
0.2401 5.09045
0.2501 5.11159
0.2601 5.1287
0.2701 5.14147
0.2801 5.14998
0.2901 5.15407
0.3001 5.15451
0.3101 5.15214
0.3201 5.14771
0.3301 5.14335
0.3401 5.14035
0.3501 5.14007
0.3601 5.14366
0.3701 5.1522
0.3801 5.16644
0.3901 5.18609
0.4001 5.21031
0.4101 5.23862
0.4201 5.26933
0.4301 5.30118
0.4401 5.33253
0.4501 5.36181
0.4601 5.3872
0.4701 5.40792
0.4801 5.42374
0.4901 5.43454
0.5001 5.44077
0.5101 5.44444
0.5201 5.44686
0.5301 5.45081
0.5401 5.45807
0.5501 5.47109
0.5601 5.49164
0.5701 5.52094
0.5801 5.56007
0.5901 5.6095
0.6001 5.66756
0.6101 5.73321
0.6201 5.80397
0.6301 5.87694
0.6401 5.94895
0.6501 6.01676
0.6601 6.07749
0.6701 6.12864
0.6801 6.16877
0.6901 6.19721
0.7001 6.21366
0.7101 6.21933
0.7201 6.21656
0.7301 6.20847
0.7401 6.19861
0.7501 6.19083
0.7601 6.18925
0.7701 6.1972
0.7801 6.21741
0.7901 6.25218
0.8001 6.30184
0.8101 6.36607
0.8201 6.44367
0.8301 6.53201
0.8401 6.62783
0.8501 6.72649
0.8601 6.82405
0.8701 6.91626
0.8801 6.99912
0.8901 7.07018
0.9001 7.12779
0.9101 7.17068
0.9201 7.20013
0.9301 7.21761
0.9401 7.22628
0.9501 7.22931
0.9601 7.23091
0.9701 7.23547
0.9801 7.24695
0.9901 7.26856
1.0001 7.30291
1.0101 7.35069
1.0201 7.4121
1.0301 7.48569
1.0401 7.56983
1.0501 7.66056
1.0601 7.75442
1.0701 7.84773
1.0801 7.93652
1.0901 8.0173
1.1001 8.08797
1.1101 8.14643
1.1201 8.19301
1.1301 8.22848
1.1401 8.25541
1.1501 8.27687
1.1601 8.29622
1.1701 8.31785
1.1801 8.34587
1.1901 8.38348
1.2001 8.43357
1.2101 8.4978
1.2201 8.57631
1.2301 8.6681
1.2401 8.77081
1.2501 8.8809
1.2601 8.99335
1.2701 9.1034
1.2801 9.20641
1.2901 9.29769
1.3001 9.37347
1.3101 9.43115
1.3201 9.46957
1.3301 9.48917
1.3401 9.49187
1.3501 9.48152
1.3601 9.46236
1.3701 9.44016
1.3801 9.42145
1.3901 9.41188
1.4001 9.41668
1.4101 9.44012
1.4201 9.48484
1.4301 9.55269
1.4401 9.64248
1.4501 9.75264
1.4601 9.87905
1.4701 10.0164
1.4801 10.159
1.4901 10.3006
1.5001 10.4345
1.5101 10.5554
1.5201 10.6587
1.5301 10.7419
1.5401 10.8031
1.5501 10.8431
1.5601 10.8637
1.5701 10.8681
1.5801 10.8612
1.5901 10.8488
1.6001 10.8363
1.6101 10.8293
1.6201 10.8323
1.6301 10.8496
1.6401 10.8829
1.6501 10.9326
1.6601 10.9982
1.6701 11.077
1.6801 11.1658
1.6901 11.2605
1.7001 11.3559
1.7101 11.4475
1.7201 11.5309
1.7301 11.6032
1.7401 11.6626
1.7501 11.7082
1.7601 11.7414
1.7701 11.7645
1.7801 11.7813
1.7901 11.7961
1.8001 11.8136
1.8101 11.8383
1.8201 11.8744
1.8301 11.9253
1.8401 11.9931
1.8501 12.0777
1.8601 12.1779
1.8701 12.2908
1.8801 12.4122
1.8901 12.5368
1.9001 12.6589
1.9101 12.7728
1.9201 12.8731
1.9301 12.9554
1.9401 13.0177
1.9501 13.0573
1.9601 13.0752
1.9701 13.0737
1.9801 13.0569
1.9901 13.0302
2.0001 12.9998
2.0101 12.9723
2.0201 12.9547
2.0301 12.9523
2.0401 12.9705
2.0501 13.012
2.0601 13.0779
2.0701 13.1677
2.0801 13.2795
2.0901 13.4085
2.1001 13.5491
2.1101 13.6948
2.1201 13.839
2.1301 13.9748
2.1401 14.097
2.1501 14.2008
2.1601 14.2832
2.1701 14.3431
2.1801 14.3812
2.1901 14.4
2.2001 14.403
2.2101 14.3949
2.2201 14.3819
2.2301 14.3695
2.2401 14.3631
2.2501 14.3675
2.2601 14.3855
2.2701 14.4191
2.2801 14.4689
2.2901 14.5337
2.3001 14.611
2.3101 14.6971
2.3201 14.7882
2.3301 14.8802
2.3401 14.9681
2.3501 15.0489
2.3601 15.1196
2.3701 15.1787
2.3801 15.2263
2.3901 15.2638
2.4001 15.2935
2.4101 15.3183
2.4201 15.3421
2.4301 15.3693
2.4401 15.403
2.4501 15.4466
2.4601 15.5022
2.4701 15.5708
2.4801 15.6517
2.4901 15.743
2.5001 15.8416
2.5101 15.9428
2.5201 16.0417
2.5301 16.1342
2.5401 16.2148
2.5501 16.2798
2.5601 16.3261
2.5701 16.3522
2.5801 16.358
2.5901 16.345
2.6001 16.3165
2.6101 16.277
2.6201 16.2316
2.6301 16.187
2.6401 16.1491
2.6501 16.1232
2.6601 16.1139
2.6701 16.1249
2.6801 16.1582
2.6901 16.2138
2.7001 16.2905
2.7101 16.3851
2.7201 16.493
2.7301 16.6092
2.7401 16.7276
2.7501 16.8419
2.7601 16.9468
2.7701 17.0376
2.7801 17.1112
2.7901 17.1652
2.8001 17.1988
2.8101 17.2134
2.8201 17.211
2.8301 17.1948
2.8401 17.1697
2.8501 17.1397
2.8601 17.1096
2.8701 17.0833
2.8801 17.0644
2.8901 17.055
2.9001 17.0558
2.9101 17.0666
2.9201 17.0866
2.9301 17.1132
2.9401 17.1442
2.9501 17.1762
2.9601 17.2064
2.9701 17.2317
2.9801 17.2508
2.9901 17.2626
3.0001 17.2671
3.0101 17.2654
3.0201 17.2598
3.0301 17.2527
3.0401 17.2477
3.0501 17.2473
3.0601 17.2548
3.0701 17.272
3.0801 17.3007
3.0901 17.3414
3.1001 17.3929
3.1101 17.4527
3.1201 17.5183
3.1301 17.5851
3.1401 17.6489
3.1501 17.7051
3.1601 17.7495
3.1701 17.7785
3.1801 17.7897
3.1901 17.7823
3.2001 17.7562
3.2101 17.7128
3.2201 17.6553
3.2301 17.5883
3.2401 17.5166
3.2501 17.4459
3.2601 17.3814
3.2701 17.3283
3.2801 17.2903
3.2901 17.2706
3.3001 17.2707
3.3101 17.2899
3.3201 17.327
3.3301 17.3793
3.3401 17.4424
3.3501 17.5116
3.3601 17.5811
3.3701 17.6465
3.3801 17.7027
3.3901 17.7464
3.4001 17.7754
3.4101 17.7881
3.4201 17.7846
3.4301 17.767
3.4401 17.7373
3.4501 17.6992
3.4601 17.6558
3.4701 17.6117
3.4801 17.5702
3.4901 17.5342
3.5001 17.5059
3.5101 17.486
3.5201 17.4741
3.5301 17.4693
3.5401 17.4698
3.5501 17.4731
3.5601 17.4758
3.5701 17.4759
3.5801 17.4711
3.5901 17.4595
3.6001 17.4405
3.6101 17.4144
3.6201 17.382
3.6301 17.3462
3.6401 17.3096
3.6501 17.2758
3.6601 17.2477
3.6701 17.2284
3.6801 17.2207
3.6901 17.2259
3.7001 17.2441
3.7101 17.2748
3.7201 17.3157
3.7301 17.3636
3.7401 17.4143
3.7501 17.4628
3.7601 17.5039
3.7701 17.5324
3.7801 17.5449
3.7901 17.5381
3.8001 17.5099
3.8101 17.4602
3.8201 17.3903
3.8301 17.3029
3.8401 17.2022
3.8501 17.0932
3.8601 16.982
3.8701 16.8742
3.8801 16.7761
3.8901 16.6924
3.9001 16.6267
3.9101 16.5813
3.9201 16.5568
3.9301 16.5526
3.9401 16.5663
3.9501 16.5937
3.9601 16.6309
3.9701 16.6718
3.9801 16.7113
3.9901 16.7447
4.0001 16.767
4.0101 16.7748
4.0201 16.7667
4.0301 16.7421
4.0401 16.7021
4.0501 16.6482
4.0601 16.584
4.0701 16.5128
4.0801 16.4389
4.0901 16.3664
4.1001 16.2987
4.1101 16.2382
4.1201 16.1867
4.1301 16.1444
4.1401 16.1107
4.1501 16.0826
4.1601 16.058
4.1701 16.0332
4.1801 16.0047
4.1901 15.9693
4.2001 15.9243
4.2101 15.8675
4.2201 15.7985
4.2301 15.7179
4.2401 15.6278
4.2501 15.5312
4.2601 15.4319
4.2701 15.3352
4.2801 15.2453
4.2901 15.1668
4.3001 15.1032
4.3101 15.0569
4.3201 15.029
4.3301 15.0193
4.3401 15.0259
4.3501 15.0453
4.3601 15.0721
4.3701 15.1012
4.3801 15.1262
4.3901 15.1412
4.4001 15.1405
4.4101 15.12
4.4201 15.0767
4.4301 15.0094
4.4401 14.9189
4.4501 14.8075
4.4601 14.6787
4.4701 14.5387
4.4801 14.3933
4.4901 14.2496
4.5001 14.1139
4.5101 13.9923
4.5201 13.8895
4.5301 13.8086
4.5401 13.7507
4.5501 13.7159
4.5601 13.7012
4.5701 13.703
4.5801 13.7165
4.5901 13.7356
4.6001 13.7538
4.6101 13.7652
4.6201 13.7647
4.6301 13.7482
4.6401 13.7133
4.6501 13.6595
4.6601 13.5874
4.6701 13.4997
4.6801 13.4002
4.6901 13.2936
4.7001 13.1849
4.7101 13.0791
4.7201 12.9809
4.7301 12.8945
4.7401 12.8217
4.7501 12.7637
4.7601 12.7198
4.7701 12.6873
4.7801 12.6635
4.7901 12.6439
4.8001 12.6242
4.8101 12.5994
4.8201 12.5657
4.8301 12.52
4.8401 12.4604
4.8501 12.386
4.8601 12.2984
4.8701 12.1996
4.8801 12.0938
4.8901 11.9858
4.9001 11.881
4.9101 11.784
4.9201 11.6996
4.9301 11.6318
4.9401 11.5829
4.9501 11.5536
4.9601 11.5435
4.9701 11.5496
4.9801 11.5683
4.9901 11.594
5.0001 11.6209
5.0101 11.6422
5.0201 11.6515
5.0301 11.6441
5.0401 11.6162
5.0501 11.5643
5.0601 11.4885
5.0701 11.3894
5.0801 11.2701
5.0901 11.1352
5.1001 10.9904
5.1101 10.8421
5.1201 10.6971
5.1301 10.5619
5.1401 10.4423
5.1501 10.3422
5.1601 10.2641
5.1701 10.209
5.1801 10.1763
5.1901 10.1631
5.2001 10.1653
5.2101 10.1781
5.2201 10.1953
5.2301 10.2108
5.2401 10.2197
5.2501 10.2167
5.2601 10.1983
5.2701 10.1624
5.2801 10.1086
5.2901 10.0385
5.3001 9.95376
5.3101 9.85835
5.3201 9.75651
5.3301 9.65283
5.3401 9.55237
5.3501 9.45938
5.3601 9.37656
5.3701 9.30659
5.3801 9.24988
5.3901 9.20629
5.4001 9.17319
5.4101 9.14769
5.4201 9.12611
5.4301 9.10425
5.4401 9.07796
5.4501 9.04378
5.4601 8.99811
5.4701 8.9392
5.4801 8.86651
5.4901 8.78115
5.5001 8.68468
5.5101 8.58043
5.5201 8.47277
5.5301 8.36601
5.5401 8.26468
5.5501 8.17313
5.5601 8.09431
5.5701 8.03108
5.5801 7.98424
5.5901 7.95425
5.6001 7.93923
5.6101 7.93576
5.6201 7.9402
5.6301 7.94814
5.6401 7.95403
5.6501 7.95346
5.6601 7.9419
5.6701 7.91602
5.6801 7.87375
5.6901 7.81417
5.7001 7.73788
5.7101 7.64622
5.7201 7.5426
5.7301 7.43137
5.7401 7.31729
5.7501 7.20507
5.7601 7.09946
5.7701 7.00463
5.7801 6.92384
5.7901 6.85885
5.8001 6.81089
5.8101 6.77868
5.8201 6.76073
5.8301 6.75444
5.8401 6.75592
5.8501 6.76066
5.8601 6.76435
5.8701 6.76283
5.8801 6.75314
5.8901 6.73212
5.9001 6.69907
5.9101 6.65317
5.9201 6.59519
5.9301 6.52728
5.9401 6.45217
5.9501 6.37253
5.9601 6.29213
5.9701 6.21421
5.9801 6.14241
5.9901 6.07877
6.0001 6.02499
6.0101 5.98175
6.0201 5.94859
6.0301 5.92452
6.0401 5.90793
6.0501 5.89633
6.0601 5.88687
6.0701 5.87693
6.0801 5.86467
6.0901 5.84747
6.1001 5.82401
6.1101 5.79378
6.1201 5.75677
6.1301 5.7141
6.1401 5.66761
6.1501 5.61894
6.1601 5.57064
6.1701 5.52457
6.1801 5.48335
6.1901 5.44877
6.2001 5.42154
6.2101 5.40271
6.2201 5.39224
6.2301 5.38914
6.2401 5.39212
6.2501 5.39922
6.2601 5.40788
6.2701 5.41575
6.2801 5.42069
6.2901 5.42119
6.3001 5.41509
6.3101 5.40176
6.3201 5.38071
6.3301 5.35232
6.3401 5.31734
6.3501 5.27722
6.3601 5.23384
6.3701 5.18921
6.3801 5.14533
6.3901 5.10477
6.4001 5.06838
6.4101 5.0376
6.4201 5.0132
6.4301 4.99566
6.4401 4.98485
6.4501 4.98014
6.4601 4.98052
6.4701 4.9851
6.4801 4.99172
6.4901 4.99983
6.5001 5.00757
6.5101 5.01374
6.5201 5.01778
6.5301 5.01932
6.5401 5.01791
6.5501 5.0136
6.5601 5.00656
6.5701 4.99731
6.5801 4.98623
6.5901 4.97436
6.6001 4.96242
6.6101 4.95087
6.6201 4.94019
6.6301 4.93087
6.6401 4.92326
6.6501 4.91711
6.6601 4.91223
6.6701 4.90916
6.6801 4.90727
6.6901 4.90662
6.7001 4.90732
6.7101 4.90862
6.7201 4.91052
6.7301 4.91294
6.7401 4.91594
6.7501 4.91943
6.7601 4.92303
6.7701 4.92684
6.7801 4.93098
6.7901 4.93451
6.8001 4.93763
6.8101 4.93951
6.8201 4.94007
6.8301 4.93887
6.8401 4.93626
6.8501 4.932
6.8601 4.92614
6.8701 4.91898
6.8801 4.91152
6.8901 4.90403
6.9001 4.89787
6.9101 4.89377
6.9201 4.89298
6.9301 4.89629
6.9401 4.90462
6.9501 4.91846
6.9601 4.93742
6.9701 4.96115
6.9801 4.98969
6.9901 5.02149
7.0001 5.05565
7.0101 5.09038
7.0201 5.12406
7.0301 5.15515
7.0401 5.18215
7.0501 5.20396
7.0601 5.21994
7.0701 5.2293
7.0801 5.23319
7.0901 5.23233
7.1001 5.22755
7.1101 5.22041
7.1201 5.21287
7.1301 5.20692
7.1401 5.20432
7.1501 5.20699
7.1601 5.21608
7.1701 5.23193
7.1801 5.25505
7.1901 5.28482
7.2001 5.32008
7.2101 5.35912
7.2201 5.40005
7.2301 5.4414
7.2401 5.48099
7.2501 5.51686
7.2601 5.54799
7.2701 5.57303
7.2801 5.59205
7.2901 5.60618
7.3001 5.6162
7.3101 5.62425
7.3201 5.6322
7.3301 5.64303
7.3401 5.65887
7.3501 5.68167
7.3601 5.71294
7.3701 5.75382
7.3801 5.80413
7.3901 5.86391
7.4001 5.93104
7.4101 6.00329
7.4201 6.07742
7.4301 6.15083
7.4401 6.22023
7.4501 6.28243
7.4601 6.33516
7.4701 6.37705
7.4801 6.40718
7.4901 6.42617
7.5001 6.43504
7.5101 6.43638
7.5201 6.4329
7.5301 6.42876
7.5401 6.42836
7.5501 6.43512
7.5601 6.45234
7.5701 6.48326
7.5801 6.52905
7.5901 6.59061
7.6001 6.66706
7.6101 6.75645
7.6201 6.85588
7.6301 6.96141
7.6401 7.06892
7.6501 7.17362
7.6601 7.27058
7.6701 7.35619
7.6801 7.42778
7.6901 7.48346
7.7001 7.52274
7.7101 7.54653
7.7201 7.55716
7.7301 7.55761
7.7401 7.55251
7.7501 7.54615
7.7601 7.54294
7.7701 7.54766
7.7801 7.56418
7.7901 7.59511
7.8001 7.64186
7.8101 7.70409
7.8201 7.7812
7.8301 7.87022
7.8401 7.96806
7.8501 8.07081
7.8601 8.17386
7.8701 8.27288
7.8801 8.36464
7.8901 8.44566
7.9001 8.51434
7.9101 8.56938
7.9201 8.61223
7.9301 8.64451
7.9401 8.66924
7.9501 8.69015
7.9601 8.71123
7.9701 8.73612
7.9801 8.76886
7.9901 8.81233
8.0001 8.86838
8.0101 8.93721
8.0201 9.01851
8.0301 9.11024
8.0401 9.20889
8.0501 9.31045
8.0601 9.41011
8.0701 9.5032
8.0801 9.58581
8.0901 9.65421
8.1001 9.70649
8.1101 9.74097
8.1201 9.75832
8.1301 9.76112
8.1401 9.75233
8.1501 9.73666
8.1601 9.72
8.1701 9.7079
8.1801 9.70628
8.1901 9.7202
8.2001 9.75351
8.2101 9.8086
8.2201 9.88608
8.2301 9.98554
8.2401 10.1042
8.2501 10.2377
8.2601 10.3805
8.2701 10.5266
8.2801 10.6691
8.2901 10.8016
8.3001 10.9187
8.3101 11.0161
8.3201 11.0903
8.3301 11.1412
8.3401 11.1692
8.3501 11.1767
8.3601 11.1677
8.3701 11.1474
8.3801 11.1221
8.3901 11.0981
8.4001 11.0812
8.4101 11.0771
8.4201 11.0891
8.4301 11.1201
8.4401 11.1709
8.4501 11.2403
8.4601 11.3257
8.4701 11.4236
8.4801 11.5292
8.4901 11.6376
8.5001 11.7431
8.5101 11.8414
8.5201 11.9285
8.5301 12.0018
8.5401 12.0606
8.5501 12.1054
8.5601 12.1382
8.5701 12.1621
8.5801 12.1817
8.5901 12.2014
8.6001 12.2256
8.6101 12.2588
8.6201 12.3041
8.6301 12.3634
8.6401 12.438
8.6501 12.5266
8.6601 12.6267
8.6701 12.7345
8.6801 12.8453
8.6901 12.9544
8.7001 13.0562
8.7101 13.1458
8.7201 13.22
8.7301 13.276
8.7401 13.3129
8.7501 13.3314
8.7601 13.3337
8.7701 13.3237
8.7801 13.3067
8.7901 13.289
8.8001 13.2767
8.8101 13.2754
8.8201 13.2909
8.8301 13.3268
8.8401 13.3856
8.8501 13.4678
8.8601 13.5722
8.8701 13.6956
8.8801 13.8334
8.8901 13.9799
8.9001 14.1284
8.9101 14.2713
8.9201 14.4029
8.9301 14.5173
8.9401 14.6107
8.9501 14.6805
8.9601 14.7261
8.9701 14.7486
8.9801 14.751
8.9901 14.7376
9.0001 14.7145
9.0101 14.687
9.0201 14.6617
9.0301 14.6447
9.0401 14.6408
9.0501 14.6534
9.0601 14.6843
9.0701 14.7341
9.0801 14.8015
9.0901 14.884
9.1001 14.9781
9.1101 15.0791
9.1201 15.182
9.1301 15.2824
9.1401 15.3762
9.1501 15.4601
9.1601 15.5316
9.1701 15.5906
9.1801 15.6378
9.1901 15.6747
9.2001 15.7044
9.2101 15.7302
9.2201 15.7553
9.2301 15.7839
9.2401 15.8189
9.2501 15.8625
9.2601 15.9157
9.2701 15.9782
9.2801 16.0491
9.2901 16.1255
9.3001 16.2038
9.3101 16.2801
9.3201 16.3498
9.3301 16.4094
9.3401 16.4556
9.3501 16.4862
9.3601 16.4997
9.3701 16.4965
9.3801 16.4788
9.3901 16.4496
9.4001 16.4129
9.4101 16.3744
9.4201 16.3391
9.4301 16.313
9.4401 16.3007
9.4501 16.3064
9.4601 16.3323
9.4701 16.3792
9.4801 16.4473
9.4901 16.5343
9.5001 16.636
9.5101 16.748
9.5201 16.8642
9.5301 16.9789
9.5401 17.0858
9.5501 17.1795
9.5601 17.2559
9.5701 17.3117
9.5801 17.3456
9.5901 17.3581
9.6001 17.3504
9.6101 17.3254
9.6201 17.2875
9.6301 17.2416
9.6401 17.1931
9.6501 17.1468
9.6601 17.1075
9.6701 17.0784
9.6801 17.0621
9.6901 17.0599
9.7001 17.0711
9.7101 17.0942
9.7201 17.127
9.7301 17.1664
9.7401 17.2092
9.7501 17.2513
9.7601 17.29
9.7701 17.3226
9.7801 17.3475
9.7901 17.3647
9.8001 17.3747
9.8101 17.3787
9.8201 17.3793
9.8301 17.3792
9.8401 17.3815
9.8501 17.3883
9.8601 17.4018
9.8701 17.4236
9.8801 17.454
9.8901 17.4922
9.9001 17.5366
9.9101 17.5841
9.9201 17.6313
9.9301 17.6742
9.9401 17.7096
9.9501 17.7335
9.9601 17.7435
9.9701 17.7379
9.9801 17.7165
9.9901 17.68
