0.0001 0.999941
0.0101 0.962485
0.0201 0.970354
0.0301 1.02855
0.0401 0.962121
0.0501 1.01067
0.0601 1.02884
0.0701 0.970762
0.0801 1.02332
0.0901 1.03604
0.1001 0.968505
0.1101 1.05174
0.1201 1.02056
0.1301 0.993702
0.1401 1.05306
0.1501 1.00309
0.1601 1.00462
0.1701 1.06832
0.1801 1.00499
0.1901 1.05216
0.2001 1.07412
0.2101 1.00547
0.2201 1.05994
0.2301 1.0567
0.2401 0.995371
0.2501 1.0528
0.2601 1.03582
0.2701 1.00265
0.2801 1.06473
0.2901 1.02367
0.3001 1.01229
0.3101 1.0627
0.3201 1.02368
0.3301 1.04736
0.3401 1.10324
0.3501 1.03221
0.3601 1.08541
0.3701 1.10472
0.3801 1.04249
0.3901 1.09822
0.4001 1.10191
0.4101 1.04601
0.4201 1.1415
0.4301 1.10595
0.4401 1.09625
0.4501 1.14704
0.4601 1.09925
0.4701 1.11252
0.4801 1.17275
0.4901 1.09357
0.5001 1.14167
0.5101 1.14841
0.5201 1.08906
0.5301 1.12847
0.5401 1.12473
0.5501 1.05265
0.5601 1.12065
0.5701 1.10159
0.5801 1.08172
0.5901 1.12883
0.6001 1.08994
0.6101 1.07385
0.6201 1.13998
0.6301 1.07484
0.6401 1.10193
0.6501 1.13588
0.6601 1.06881
0.6701 1.12044
0.6801 1.14364
0.6901 1.0649
0.7001 1.13276
0.7101 1.1257
0.7201 1.09902
0.7301 1.18038
0.7401 1.13944
0.7501 1.12925
0.7601 1.18421
0.7701 1.12792
0.7801 1.14369
0.7901 1.17346
0.8001 1.09175
0.8101 1.13534
0.8201 1.14834
0.8301 1.08324
0.8401 1.11253
0.8501 1.10522
0.8601 1.04513
0.8701 1.11451
0.8801 1.08484
0.8901 1.05499
0.9001 1.09864
0.9101 1.05517
0.9201 1.04258
0.9301 1.0982
0.9401 1.00393
0.9501 1.03823
0.9601 1.07069
0.9701 1.01213
0.9801 1.06156
0.9901 1.07613
1.0001 1.00064
1.0101 1.08668
1.0201 1.06588
1.0301 1.05023
1.0401 1.10689
1.0501 1.06872
1.0601 1.065
1.0701 1.12658
1.0801 1.04788
1.0901 1.0667
1.1001 1.08864
1.1101 1.03256
1.1201 1.07392
1.1301 1.09879
1.1401 1.02117
1.1501 1.06846
1.1601 1.06042
1.1701 1.01388
1.1801 1.06374
1.1901 1.02705
1.2001 0.992104
1.2101 1.05607
1.2201 0.99196
1.2301 0.985873
1.2401 1.02561
1.2501 0.942814
1.2601 0.99099
1.2701 1.0317
1.2801 0.967009
1.2901 1.02302
1.3001 1.03125
1.3101 0.98064
1.3201 1.05656
1.3301 1.02197
1.3401 1.00615
1.3501 1.06203
1.3601 1.02838
1.3701 1.0302
1.3801 1.08343
1.3901 1.00575
1.4001 1.03888
1.4101 1.07534
1.4201 1.02754
1.4301 1.06339
1.4401 1.09133
1.4501 1.01894
1.4601 1.08283
1.4701 1.05991
1.4801 1.0143
1.4901 1.05895
1.5001 1.02253
1.5101 0.996684
1.5201 1.0717
1.5301 0.986489
1.5401 1.00478
1.5501 1.044
1.5601 0.979804
1.5701 1.02367
1.5801 1.06116
1.5901 0.991213
1.6001 1.06395
1.6101 1.05747
1.6201 1.02262
1.6301 1.07696
1.6401 1.04908
1.6501 1.03386
1.6601 1.10615
1.6701 1.06324
1.6801 1.07727
1.6901 1.13024
1.7001 1.07229
1.7101 1.09927
1.7201 1.14377
1.7301 1.07753
1.7401 1.11909
1.7501 1.1362
1.7601 1.07036
1.7701 1.12468
1.7801 1.09256
1.7901 1.04543
1.8001 1.10187
1.8101 1.05366
1.8201 1.04304
1.8301 1.11394
1.8401 1.03241
1.8501 1.06164
1.8601 1.09375
1.8701 1.02755
1.8801 1.06469
1.8901 1.08922
1.9001 1.02542
1.9101 1.09496
1.9201 1.07489
1.9301 1.05027
1.9401 1.09986
1.9501 1.07622
1.9601 1.06249
1.9701 1.14632
1.9801 1.09748
1.9901 1.1237
2.0001 1.17339
2.0101 1.11629
2.0201 1.13351
2.0301 1.17955
2.0401 1.09747
2.0501 1.15151
2.0601 1.14736
2.0701 1.09451
2.0801 1.14643
2.0901 1.11337
2.1001 1.06349
2.1101 1.13498
2.1201 1.06972
2.1301 1.0784
2.1401 1.13053
2.1501 1.05321
2.1601 1.06808
2.1701 1.10034
2.1801 1.02467
2.1901 1.06261
2.2001 1.06698
2.2101 1.01815
2.2201 1.07848
2.2301 1.0679
2.2401 1.03734
2.2501 1.09438
2.2601 1.06335
2.2701 1.05822
2.2801 1.13767
2.2901 1.08254
2.3001 1.09518
2.3101 1.14589
2.3201 1.08317
2.3301 1.10763
2.3401 1.13918
2.3501 1.05814
2.3601 1.12303
2.3701 1.11577
2.3801 1.0797
2.3901 1.13506
2.4001 1.09237
2.4101 1.05494
2.4201 1.13196
2.4301 1.05453
2.4401 1.06333
2.4501 1.09294
2.4601 1.02471
2.4701 1.03816
2.4801 1.06955
2.4901 0.984842
2.5001 1.02643
2.5101 1.02399
2.5201 0.996124
2.5301 1.05248
2.5401 1.04237
2.5501 0.998704
2.5601 1.07494
2.5701 1.0302
2.5801 1.02701
2.5901 1.08622
2.6001 1.02674
2.6101 1.03622
2.6201 1.10334
2.6301 1.02676
2.6401 1.06367
2.6501 1.07521
2.6601 1.01924
2.6701 1.09067
2.6801 1.08405
2.6901 1.03949
2.7001 1.10426
2.7101 1.05205
2.7201 1.03409
2.7301 1.09065
2.7401 1.01102
2.7501 1.011
2.7601 1.05259
2.7701 0.995662
2.7801 1.01392
2.7901 1.03127
2.8001 0.95899
2.8101 1.00961
2.8201 1.01519
2.8301 0.98217
2.8401 1.03537
2.8501 1.01699
2.8601 0.980917
2.8701 1.06543
2.8801 1.00387
2.8901 0.997183
2.9001 1.05695
2.9101 1.01108
2.9201 1.0372
2.9301 1.10013
2.9401 1.01797
2.9501 1.07605
2.9601 1.08142
2.9701 1.04567
2.9801 1.10527
2.9901 1.08494
3.0001 1.03805
3.0101 1.11638
3.0201 1.05307
3.0301 1.03907
3.0401 1.07586
3.0501 1.01561
3.0601 1.02018
3.0701 1.07842
3.0801 1.01152
3.0901 1.03868
3.1001 1.05108
3.1101 1.00072
3.1201 1.04819
3.1301 1.04872
3.1401 0.991553
3.1501 1.06442
3.1601 1.03579
3.1701 1.01225
3.1801 1.08475
3.1901 1.02465
3.2001 1.02433
3.2101 1.10369
3.2201 1.05297
3.2301 1.09226
3.2401 1.13511
3.2501 1.07458
3.2601 1.14069
3.2701 1.13922
3.2801 1.09414
3.2901 1.1504
3.3001 1.1252
3.3101 1.09463
3.3201 1.16911
3.3301 1.1065
3.3401 1.09356
3.3501 1.13774
3.3601 1.09165
3.3701 1.0945
3.3801 1.14479
3.3901 1.07266
3.4001 1.1105
3.4101 1.11692
3.4201 1.06134
3.4301 1.0988
3.4401 1.08852
3.4501 1.02787
3.4601 1.11929
3.4701 1.07413
3.4801 1.06004
3.4901 1.12489
3.5001 1.07458
3.5101 1.07765
3.5201 1.15084
3.5301 1.08115
3.5401 1.1324
3.5501 1.15169
3.5601 1.10374
3.5701 1.15315
3.5801 1.14333
3.5901 1.08723
3.6001 1.15856
3.6101 1.12589
3.6201 1.10795
3.6301 1.17194
3.6401 1.12599
3.6501 1.1075
3.6601 1.16247
3.6701 1.1001
3.6801 1.10767
3.6901 1.14182
3.7001 1.07286
3.7101 1.10502
3.7201 1.10627
3.7301 1.03335
3.7401 1.08573
3.7501 1.06171
3.7601 1.01145
3.7701 1.09943
3.7801 1.05193
3.7901 1.03949
3.8001 1.10038
3.8101 1.04215
3.8201 1.04672
3.8301 1.09778
3.8401 1.02696
3.8501 1.07524
3.8601 1.07843
3.8701 1.03357
3.8801 1.07917
3.8901 1.07081
3.9001 1.01525
3.9101 1.09234
3.9201 1.05766
3.9301 1.04494
3.9401 1.10168
3.9501 1.05931
3.9601 1.03283
3.9701 1.09063
3.9801 1.01369
3.9901 1.03415
4.0001 1.04962
4.0101 0.985543
4.0201 1.02549
4.0301 1.03369
4.0401 0.956395
4.0501 1.03071
4.0601 0.989974
4.0701 0.96114
4.0801 1.03913
4.0901 0.995088
4.1001 0.975865
4.1101 1.03842
4.1201 0.972443
4.1301 0.994753
4.1401 1.02243
4.1501 0.963126
4.1601 1.00948
4.1701 1.03002
4.1801 0.986995
4.1901 1.04797
4.2001 1.03445
4.2101 0.989301
4.2201 1.06644
4.2301 1.04089
4.2401 1.01335
4.2501 1.07254
4.2601 1.0237
4.2701 1.01229
4.2801 1.06543
4.2901 0.985259
4.3001 1.01205
4.3101 1.0329
4.3201 0.980697
4.3301 1.04175
4.3401 1.04241
4.3501 0.970565
4.3601 1.05332
4.3701 1.01294
4.3801 0.994798
4.3901 1.05436
4.4001 1.01051
4.4101 1.00038
4.4201 1.06769
4.4301 1.00306
4.4401 1.03405
4.4501 1.04859
4.4601 1.01162
4.4701 1.06877
4.4801 1.1014
4.4901 1.04459
4.5001 1.11722
4.5101 1.09898
4.5201 1.06858
4.5301 1.13594
4.5401 1.10654
4.5501 1.07021
4.5601 1.14971
4.5701 1.09504
4.5801 1.10833
4.5901 1.14235
4.6001 1.07125
4.6101 1.11376
4.6201 1.14822
4.6301 1.08386
4.6401 1.15278
4.6501 1.13109
4.6601 1.07819
4.6701 1.15165
4.6801 1.11071
4.6901 1.076
4.7001 1.13295
4.7101 1.09208
4.7201 1.10034
4.7301 1.15167
4.7401 1.0882
4.7501 1.11508
4.7601 1.14261
4.7701 1.10132
4.7801 1.15213
4.7901 1.16402
4.8001 1.09694
4.8101 1.17156
4.8201 1.15108
4.8301 1.10707
4.8401 1.16126
4.8501 1.12437
4.8601 1.10408
4.8701 1.18643
4.8801 1.11869
4.8901 1.14223
4.9001 1.16503
4.9101 1.10619
4.9201 1.15198
4.9301 1.16723
4.9401 1.08437
4.9501 1.15813
4.9601 1.12702
4.9701 1.08876
4.9801 1.13592
4.9901 1.09359
5.0001 1.05631
5.0101 1.12456
5.0201 1.07551
5.0301 1.09025
5.0401 1.11926
5.0501 1.063
5.0601 1.08618
5.0701 1.11566
5.0801 1.03762
5.0901 1.08809
5.1001 1.0841
5.1101 1.02662
5.1201 1.09364
5.1301 1.06724
5.1401 1.01018
5.1501 1.0795
5.1601 1.03386
5.1701 1.03405
5.1801 1.09382
5.1901 1.02392
5.2001 1.05174
5.2101 1.07695
5.2201 1.00416
5.2301 1.04652
5.2401 1.0421
5.2501 0.973987
5.2601 1.04731
5.2701 1.0233
5.2801 0.98357
5.2901 1.0298
5.3001 0.998273
5.3101 0.976283
5.3201 1.04125
5.3301 0.987108
5.3401 1.00497
5.3501 1.03615
5.3601 0.979745
5.3701 1.00221
5.3801 1.02626
5.3901 0.939536
5.4001 1.00961
5.4101 1.00489
5.4201 0.960787
5.4301 1.02587
5.4401 1.00477
5.4501 0.962142
5.4601 1.04297
5.4701 0.982052
5.4801 1.00116
5.4901 1.0409
5.5001 0.981798
5.5101 1.0101
5.5201 1.03703
5.5301 0.955194
5.5401 1.01448
5.5501 1.0076
5.5601 0.964458
5.5701 1.0299
5.5801 1.02345
5.5901 0.984459
5.6001 1.04922
5.6101 1.01186
5.6201 1.00327
5.6301 1.0577
5.6401 1.00669
5.6501 1.02245
5.6601 1.06693
5.6701 0.996331
5.6801 1.04048
5.6901 1.06186
5.7001 0.988867
5.7101 1.0642
5.7201 1.06557
5.7301 1.02701
5.7401 1.1034
5.7501 1.07328
5.7601 1.04837
5.7701 1.1165
5.7801 1.05338
5.7901 1.07734
5.8001 1.11054
5.8101 1.05413
5.8201 1.09239
5.8301 1.12458
5.8401 1.05226
5.8501 1.11531
5.8601 1.11162
5.8701 1.07995
5.8801 1.14187
5.8901 1.14102
5.9001 1.09764
5.9101 1.16485
5.9201 1.11391
5.9301 1.11439
5.9401 1.15682
5.9501 1.10068
5.9601 1.11749
5.9701 1.17429
5.9801 1.09418
5.9901 1.15542
6.0001 1.15598
6.0101 1.09392
6.0201 1.16083
6.0301 1.15963
6.0401 1.11049
6.0501 1.18108
6.0601 1.124
6.0701 1.11728
6.0801 1.16142
6.0901 1.09682
6.1001 1.10819
6.1101 1.14865
6.1201 1.08875
6.1301 1.14058
6.1401 1.15823
6.1501 1.08864
6.1601 1.13932
6.1701 1.14573
6.1801 1.1013
6.1901 1.15912
6.2001 1.13469
6.2101 1.09771
6.2201 1.16344
6.2301 1.10674
6.2401 1.10133
6.2501 1.14458
6.2601 1.07982
6.2701 1.11668
6.2801 1.16617
6.2901 1.07744
6.3001 1.13151
6.3101 1.1227
6.3201 1.06693
6.3301 1.12071
6.3401 1.09616
6.3501 1.04206
6.3601 1.10612
6.3701 1.04672
6.3801 1.04922
6.3901 1.07444
6.4001 1.01259
6.4101 1.02539
6.4201 1.07942
6.4301 1.0097
6.4401 1.05538
6.4501 1.05739
6.4601 0.998866
6.4701 1.0432
6.4801 1.04776
6.4901 0.981099
6.5001 1.04522
6.5101 1.00881
6.5201 1.00118
6.5301 1.06096
6.5401 1.00055
6.5501 0.998385
6.5601 1.06251
6.5701 0.990402
6.5801 1.04442
6.5901 1.06605
6.6001 0.990493
6.6101 1.04557
6.6201 1.04525
6.6301 0.983898
6.6401 1.03529
6.6501 0.996895
6.6601 0.975657
6.6701 1.04202
6.6801 0.991853
6.6901 0.988738
6.7001 1.0266
6.7101 0.968696
6.7201 0.992555
6.7301 1.03763
6.7401 0.959877
6.7501 1.00177
6.7601 1.01811
6.7701 0.961745
6.7801 1.00682
6.7901 0.998626
6.8001 0.943901
6.8101 1.02994
6.8201 0.997945
6.8301 1.00185
6.8401 1.05908
6.8501 1.00105
6.8601 1.017
6.8701 1.08278
6.8801 0.999379
6.8901 1.05363
6.9001 1.06561
6.9101 1.01695
6.9201 1.06771
6.9301 1.06549
6.9401 1.00531
6.9501 1.07174
6.9601 1.03814
6.9701 1.04278
6.9801 1.09562
6.9901 1.05097
7.0001 1.04519
7.0101 1.10322
7.0201 1.02954
7.0301 1.05594
7.0401 1.08317
7.0501 1.01844
7.0601 1.06389
7.0701 1.08873
7.0801 1.02147
7.0901 1.08573
7.1001 1.06612
7.1101 1.04316
7.1201 1.12714
7.1301 1.08772
7.1401 1.08867
7.1501 1.15679
7.1601 1.08962
7.1701 1.11704
7.1801 1.15939
7.1901 1.08181
7.2001 1.13385
7.2101 1.15333
7.2201 1.10691
7.2301 1.15556
7.2401 1.14735
7.2501 1.10181
7.2601 1.16783
7.2701 1.12927
7.2801 1.11948
7.2901 1.16637
7.3001 1.1147
7.3101 1.1041
7.3201 1.1578
7.3301 1.0682
7.3401 1.09343
7.3501 1.1173
7.3601 1.05766
7.3701 1.10271
7.3801 1.12056
7.3901 1.0557
7.4001 1.13234
7.4101 1.09233
7.4201 1.07877
7.4301 1.14224
7.4401 1.09547
7.4501 1.09353
7.4601 1.16222
7.4701 1.08215
7.4801 1.11958
7.4901 1.14302
7.5001 1.0861
7.5101 1.12836
7.5201 1.15407
7.5301 1.10376
7.5401 1.16417
7.5501 1.13902
7.5601 1.10206
7.5701 1.15051
7.5801 1.1066
7.5901 1.07858
7.6001 1.13552
7.6101 1.06278
7.6201 1.06199
7.6301 1.10654
7.6401 1.02072
7.6501 1.04426
7.6601 1.07033
7.6701 1.00455
7.6801 1.06454
7.6901 1.06179
7.7001 1.00457
7.7101 1.07075
7.7201 1.01998
7.7301 1.00431
7.7401 1.0642
7.7501 1.00757
7.7601 1.01156
7.7701 1.07769
7.7801 1.0091
7.7901 1.04662
7.8001 1.06741
7.8101 1.02012
7.8201 1.06351
7.8301 1.09199
7.8401 1.03964
7.8501 1.10003
7.8601 1.06459
7.8701 1.03532
7.8801 1.08602
7.8901 1.04145
7.9001 1.00948
7.9101 1.08194
7.9201 1.00752
7.9301 1.0304
7.9401 1.06451
7.9501 0.988026
7.9601 1.01309
7.9701 1.0414
7.9801 0.972592
7.9901 1.04051
8.0001 1.00531
8.0101 0.967809
8.0201 1.02767
8.0301 0.985634
8.0401 0.964525
8.0501 1.03147
8.0601 0.972126
8.0701 1.00208
8.0801 1.06228
8.0901 1.00823
8.1001 1.03281
8.1101 1.06538
8.1201 1.01638
8.1301 1.06975
8.1401 1.07555
8.1501 1.0222
8.1601 1.08583
8.1701 1.06195
8.1801 1.03134
8.1901 1.09405
8.2001 1.03626
8.2101 1.02393
8.2201 1.10638
8.2301 1.03747
8.2401 1.06032
8.2501 1.08649
8.2601 1.01518
8.2701 1.05367
8.2801 1.06417
8.2901 0.991299
8.3001 1.05539
8.3101 1.01902
8.3201 1.00319
8.3301 1.06293
8.3401 1.01982
8.3501 0.997095
8.3601 1.07543
8.3701 1.02605
8.3801 1.06138
8.3901 1.10455
8.4001 1.057
8.4101 1.08007
8.4201 1.12266
8.4301 1.06
8.4401 1.11632
8.4501 1.10464
8.4601 1.07315
8.4701 1.14789
8.4801 1.12666
8.4901 1.08285
8.5001 1.15822
8.5101 1.0911
8.5201 1.10301
8.5301 1.1603
8.5401 1.08696
8.5501 1.09969
8.5601 1.12781
8.5701 1.05237
8.5801 1.09727
8.5901 1.07431
8.6001 1.0197
8.6101 1.08689
8.6201 1.06555
8.6301 1.04062
8.6401 1.10064
8.6501 1.04984
8.6601 1.04125
8.6701 1.1129
8.6801 1.0593
8.6901 1.07388
8.7001 1.11656
8.7101 1.0674
8.7201 1.10239
8.7301 1.12999
8.7401 1.06088
8.7501 1.12999
8.7601 1.12512
8.7701 1.1011
8.7801 1.17906
8.7901 1.14314
8.8001 1.10608
8.8101 1.18841
8.8201 1.1146
8.8301 1.12335
8.8401 1.15427
8.8501 1.08716
8.8601 1.10597
8.8701 1.13026
8.8801 1.04977
8.8901 1.09796
8.9001 1.06813
8.9101 1.0359
8.9201 1.09433
8.9301 1.07236
8.9401 1.02939
8.9501 1.09832
8.9601 1.0421
8.9701 1.03634
8.9801 1.08218
8.9901 1.02758
9.0001 1.03527
9.0101 1.09046
9.0201 1.02893
9.0301 1.08078
9.0401 1.08799
9.0501 1.03549
9.0601 1.10968
9.0701 1.10198
9.0801 1.06283
9.0901 1.14823
9.1001 1.09642
9.1101 1.08101
9.1201 1.14351
9.1301 1.07022
9.1401 1.07542
9.1501 1.1101
9.1601 1.04912
9.1701 1.08568
9.1801 1.09718
9.1901 1.0298
9.2001 1.0814
9.2101 1.05647
9.2201 1.01446
9.2301 1.06855
9.2401 1.03882
9.2501 0.994151
9.2601 1.06391
9.2701 1.00118
9.2801 0.990437
9.2901 1.03451
9.3001 0.983356
9.3101 1.00252
9.3201 1.05895
9.3301 0.992822
9.3401 1.06098
9.3501 1.05688
9.3601 1.00958
9.3701 1.07768
9.3801 1.062
9.3901 1.01836
9.4001 1.1058
9.4101 1.04404
9.4201 1.04295
9.4301 1.08746
9.4401 1.03231
9.4501 1.03863
9.4601 1.08023
9.4701 1.01947
9.4801 1.07276
9.4901 1.07068
9.5001 1.01574
9.5101 1.05613
9.5201 1.03874
9.5301 0.98169
9.5401 1.04777
9.5501 1.0035
9.5601 0.971973
9.5701 1.03601
9.5801 0.984806
9.5901 0.978125
9.6001 1.03216
9.6101 0.969944
9.6201 1.01584
9.6301 1.05646
9.6401 0.996866
9.6501 1.06507
9.6601 1.05554
9.6701 1.00674
9.6801 1.08574
9.6901 1.05871
9.7001 1.02559
9.7101 1.10716
9.7201 1.05947
9.7301 1.0707
9.7401 1.11551
9.7501 1.06371
9.7601 1.07466
9.7701 1.11635
9.7801 1.05502
9.7901 1.10544
9.8001 1.09341
9.8101 1.03487
9.8201 1.07875
9.8301 1.06868
9.8401 1.00114
9.8501 1.07307
9.8601 1.02574
9.8701 1.01587
9.8801 1.08181
9.8901 1.03448
9.9001 1.02783
9.9101 1.08273
9.9201 1.01268
9.9301 1.07592
9.9401 1.08664
9.9501 1.03108
9.9601 1.09421
9.9701 1.09404
9.9801 1.04533
9.9901 1.12764
