0 1
0.001 0.999999
0.002 0.999998
0.003 0.999997
0.004 0.999996
0.005 0.999995
0.006 0.999994
0.007 0.999993
0.008 0.999992
0.009 0.999991
0.01 0.99999
0.011 0.999989
0.012 0.999988
0.013 0.999987
0.014 0.999986
0.015 0.999985
0.016 0.999984
0.017 0.999983
0.018 0.999982
0.019 0.999981
0.02 0.99998
0.021 0.999979
0.022 0.999978
0.023 0.999977
0.024 0.999976
0.025 0.999975
0.026 0.999974
0.027 0.999973
0.028 0.999972
0.029 0.999971
0.03 0.99997
0.031 0.99997
0.032 0.999969
0.033 0.999968
0.034 0.999967
0.035 0.999966
0.036 0.999965
0.037 0.999964
0.038 0.999963
0.039 0.999962
0.04 0.999962
0.041 0.999961
0.042 0.99996
0.043 0.999959
0.044 0.999958
0.045 0.999957
0.046 0.999957
0.047 0.999956
0.048 0.999955
0.049 0.999954
0.05 0.999953
0.051 0.999953
0.052 0.999952
0.053 0.999951
0.054 0.99995
0.055 0.99995
0.056 0.999949
0.057 0.999948
0.058 0.999948
0.059 0.999947
0.06 0.999946
0.061 0.999945
0.062 0.999945
0.063 0.999944
0.064 0.999943
0.065 0.999943
0.066 0.999942
0.067 0.999942
0.068 0.999941
0.069 0.99994
0.07 0.99994
0.071 0.999939
0.072 0.999939
0.073 0.999938
0.074 0.999938
0.075 0.999937
0.076 0.999937
0.077 0.999936
0.078 0.999936
0.079 0.999935
0.08 0.999935
0.081 0.999934
0.082 0.999934
0.083 0.999933
0.084 0.999933
0.085 0.999932
0.086 0.999932
0.087 0.999932
0.088 0.999931
0.089 0.999931
0.09 0.999931
0.091 0.99993
0.092 0.99993
0.093 0.99993
0.094 0.999929
0.095 0.999929
0.096 0.999929
0.097 0.999928
0.098 0.999928
0.099 0.999928
0.1 0.999928
0.101 0.999927
0.102 0.999927
0.103 0.999927
0.104 0.999927
0.105 0.999927
0.106 0.999926
0.107 0.999926
0.108 0.999926
0.109 0.999926
0.11 0.999926
0.111 0.999926
0.112 0.999926
0.113 0.999925
0.114 0.999925
0.115 0.999925
0.116 0.999925
0.117 0.999925
0.118 0.999925
0.119 0.999925
0.12 0.999925
0.121 0.999925
0.122 0.999925
0.123 0.999925
0.124 0.999925
0.125 0.999925
0.126 0.999925
0.127 0.999925
0.128 0.999925
0.129 0.999925
0.13 0.999926
0.131 0.999926
0.132 0.999926
0.133 0.999926
0.134 0.999926
0.135 0.999926
0.136 0.999926
0.137 0.999927
0.138 0.999927
0.139 0.999927
0.14 0.999927
0.141 0.999927
0.142 0.999927
0.143 0.999928
0.144 0.999928
0.145 0.999928
0.146 0.999928
0.147 0.999929
0.148 0.999929
0.149 0.999929
0.15 0.99993
0.151 0.99993
0.152 0.99993
0.153 0.99993
0.154 0.999931
0.155 0.999931
0.156 0.999931
0.157 0.999932
0.158 0.999932
0.159 0.999933
0.16 0.999933
0.161 0.999933
0.162 0.999934
0.163 0.999934
0.164 0.999934
0.165 0.999935
0.166 0.999935
0.167 0.999936
0.168 0.999936
0.169 0.999937
0.17 0.999937
0.171 0.999937
0.172 0.999938
0.173 0.999938
0.174 0.999939
0.175 0.999939
0.176 0.99994
0.177 0.99994
0.178 0.999941
0.179 0.999941
0.18 0.999942
0.181 0.999942
0.182 0.999943
0.183 0.999944
0.184 0.999944
0.185 0.999945
0.186 0.999945
0.187 0.999946
0.188 0.999946
0.189 0.999947
0.19 0.999948
0.191 0.999948
0.192 0.999949
0.193 0.999949
0.194 0.99995
0.195 0.999951
0.196 0.999951
0.197 0.999952
0.198 0.999952
0.199 0.999953
0.2 0.999954
0.201 0.999954
0.202 0.999955
0.203 0.999956
0.204 0.999956
0.205 0.999957
0.206 0.999958
0.207 0.999958
0.208 0.999959
0.209 0.99996
0.21 0.999961
0.211 0.999961
0.212 0.999962
0.213 0.999963
0.214 0.999963
0.215 0.999964
0.216 0.999965
0.217 0.999966
0.218 0.999966
0.219 0.999967
0.22 0.999968
0.221 0.999969
0.222 0.999969
0.223 0.99997
0.224 0.999971
0.225 0.999972
0.226 0.999972
0.227 0.999973
0.228 0.999974
0.229 0.999975
0.23 0.999976
0.231 0.999976
0.232 0.999977
0.233 0.999978
0.234 0.999979
0.235 0.999979
0.236 0.99998
0.237 0.999981
0.238 0.999982
0.239 0.999983
0.24 0.999983
0.241 0.999984
0.242 0.999985
0.243 0.999986
0.244 0.999987
0.245 0.999988
0.246 0.999988
0.247 0.999989
0.248 0.99999
0.249 0.999991
0.25 0.999992
0.251 0.999992
0.252 0.999993
0.253 0.999994
0.254 0.999995
0.255 0.999996
0.256 0.999997
0.257 0.999997
0.258 0.999998
0.259 0.999999
0.26 1
0.261 1
0.262 1
0.263 1
0.264 1
0.265 1
0.266 1.00001
0.267 1.00001
0.268 1.00001
0.269 1.00001
0.27 1.00001
0.271 1.00001
0.272 1.00001
0.273 1.00001
0.274 1.00001
0.275 1.00001
0.276 1.00001
0.277 1.00001
0.278 1.00002
0.279 1.00002
0.28 1.00002
0.281 1.00002
0.282 1.00002
0.283 1.00002
0.284 1.00002
0.285 1.00002
0.286 1.00002
0.287 1.00002
0.288 1.00002
0.289 1.00002
0.29 1.00003
0.291 1.00003
0.292 1.00003
0.293 1.00003
0.294 1.00003
0.295 1.00003
0.296 1.00003
0.297 1.00003
0.298 1.00003
0.299 1.00003
0.3 1.00003
0.301 1.00003
0.302 1.00004
0.303 1.00004
0.304 1.00004
0.305 1.00004
0.306 1.00004
0.307 1.00004
0.308 1.00004
0.309 1.00004
0.31 1.00004
0.311 1.00004
0.312 1.00004
0.313 1.00004
0.314 1.00005
0.315 1.00005
0.316 1.00005
0.317 1.00005
0.318 1.00005
0.319 1.00005
0.32 1.00005
0.321 1.00005
0.322 1.00005
0.323 1.00005
0.324 1.00005
0.325 1.00005
0.326 1.00005
0.327 1.00005
0.328 1.00006
0.329 1.00006
0.33 1.00006
0.331 1.00006
0.332 1.00006
0.333 1.00006
0.334 1.00006
0.335 1.00006
0.336 1.00006
0.337 1.00006
0.338 1.00006
0.339 1.00006
0.34 1.00006
0.341 1.00006
0.342 1.00007
0.343 1.00007
0.344 1.00007
0.345 1.00007
0.346 1.00007
0.347 1.00007
0.348 1.00007
0.349 1.00007
0.35 1.00007
0.351 1.00007
0.352 1.00007
0.353 1.00007
0.354 1.00007
0.355 1.00007
0.356 1.00007
0.357 1.00007
0.358 1.00008
0.359 1.00008
0.36 1.00008
0.361 1.00008
0.362 1.00008
0.363 1.00008
0.364 1.00008
0.365 1.00008
0.366 1.00008
0.367 1.00008
0.368 1.00008
0.369 1.00008
0.37 1.00008
0.371 1.00008
0.372 1.00008
0.373 1.00008
0.374 1.00008
0.375 1.00008
0.376 1.00008
0.377 1.00008
0.378 1.00009
0.379 1.00009
0.38 1.00009
0.381 1.00009
0.382 1.00009
0.383 1.00009
0.384 1.00009
0.385 1.00009
0.386 1.00009
0.387 1.00009
0.388 1.00009
0.389 1.00009
0.39 1.00009
0.391 1.00009
0.392 1.00009
0.393 1.00009
0.394 1.00009
0.395 1.00009
0.396 1.00009
0.397 1.00009
0.398 1.00009
0.399 1.00009
0.4 1.00009
0.401 1.00009
0.402 1.00009
0.403 1.00009
0.404 1.00009
0.405 1.00009
0.406 1.00009
0.407 1.00009
0.408 1.00009
0.409 1.00009
0.41 1.00009
0.411 1.00009
0.412 1.00009
0.413 1.00009
0.414 1.00009
0.415 1.00009
0.416 1.00009
0.417 1.00009
0.418 1.00009
0.419 1.00009
0.42 1.00009
0.421 1.00009
0.422 1.00009
0.423 1.00009
0.424 1.00009
0.425 1.00009
0.426 1.00009
0.427 1.00009
0.428 1.00009
0.429 1.00009
0.43 1.00009
0.431 1.00009
0.432 1.00009
0.433 1.00009
0.434 1.00009
0.435 1.00009
0.436 1.00009
0.437 1.00009
0.438 1.00009
0.439 1.00009
0.44 1.00009
0.441 1.00009
0.442 1.00009
0.443 1.00009
0.444 1.00009
0.445 1.00009
0.446 1.00009
0.447 1.00009
0.448 1.00009
0.449 1.00009
0.45 1.00009
0.451 1.00009
0.452 1.00008
0.453 1.00008
0.454 1.00008
0.455 1.00008
0.456 1.00008
0.457 1.00008
0.458 1.00008
0.459 1.00008
0.46 1.00008
0.461 1.00008
0.462 1.00008
0.463 1.00008
0.464 1.00008
0.465 1.00008
0.466 1.00008
0.467 1.00008
0.468 1.00008
0.469 1.00007
0.47 1.00007
0.471 1.00007
0.472 1.00007
0.473 1.00007
0.474 1.00007
0.475 1.00007
0.476 1.00007
0.477 1.00007
0.478 1.00007
0.479 1.00007
0.48 1.00007
0.481 1.00007
0.482 1.00006
0.483 1.00006
0.484 1.00006
0.485 1.00006
0.486 1.00006
0.487 1.00006
0.488 1.00006
0.489 1.00006
0.49 1.00006
0.491 1.00006
0.492 1.00006
0.493 1.00005
0.494 1.00005
0.495 1.00005
0.496 1.00005
0.497 1.00005
0.498 1.00005
0.499 1.00005
0.5 1.00005
0.501 1.00005
0.502 1.00005
0.503 1.00004
0.504 1.00004
0.505 1.00004
0.506 1.00004
0.507 1.00004
0.508 1.00004
0.509 1.00004
0.51 1.00004
0.511 1.00004
0.512 1.00003
0.513 1.00003
0.514 1.00003
0.515 1.00003
0.516 1.00003
0.517 1.00003
0.518 1.00003
0.519 1.00003
0.52 1.00002
0.521 1.00002
0.522 1.00002
0.523 1.00002
0.524 1.00002
0.525 1.00002
0.526 1.00002
0.527 1.00002
0.528 1.00002
0.529 1.00001
0.53 1.00001
0.531 1.00001
0.532 1.00001
0.533 1.00001
0.534 1.00001
0.535 1.00001
0.536 1.00001
0.537 1
0.538 1
0.539 1
0.54 1
0.541 0.999999
0.542 0.999998
0.543 0.999996
0.544 0.999995
0.545 0.999994
0.546 0.999993
0.547 0.999991
0.548 0.99999
0.549 0.999989
0.55 0.999988
0.551 0.999987
0.552 0.999985
0.553 0.999984
0.554 0.999983
0.555 0.999982
0.556 0.99998
0.557 0.999979
0.558 0.999978
0.559 0.999977
0.56 0.999976
0.561 0.999974
0.562 0.999973
0.563 0.999972
0.564 0.999971
0.565 0.99997
0.566 0.999969
0.567 0.999967
0.568 0.999966
0.569 0.999965
0.57 0.999964
0.571 0.999963
0.572 0.999962
0.573 0.999961
0.574 0.99996
0.575 0.999958
0.576 0.999957
0.577 0.999956
0.578 0.999955
0.579 0.999954
0.58 0.999953
0.581 0.999952
0.582 0.999951
0.583 0.99995
0.584 0.999949
0.585 0.999948
0.586 0.999947
0.587 0.999946
0.588 0.999945
0.589 0.999944
0.59 0.999943
0.591 0.999942
0.592 0.999941
0.593 0.99994
0.594 0.999939
0.595 0.999938
0.596 0.999937
0.597 0.999937
0.598 0.999936
0.599 0.999935
0.6 0.999934
0.601 0.999933
0.602 0.999932
0.603 0.999932
0.604 0.999931
0.605 0.99993
0.606 0.999929
0.607 0.999928
0.608 0.999928
0.609 0.999927
0.61 0.999926
0.611 0.999926
0.612 0.999925
0.613 0.999924
0.614 0.999923
0.615 0.999923
0.616 0.999922
0.617 0.999922
0.618 0.999921
0.619 0.99992
0.62 0.99992
0.621 0.999919
0.622 0.999919
0.623 0.999918
0.624 0.999917
0.625 0.999917
0.626 0.999916
0.627 0.999916
0.628 0.999915
0.629 0.999915
0.63 0.999915
0.631 0.999914
0.632 0.999914
0.633 0.999913
0.634 0.999913
0.635 0.999912
0.636 0.999912
0.637 0.999912
0.638 0.999911
0.639 0.999911
0.64 0.999911
0.641 0.99991
0.642 0.99991
0.643 0.99991
0.644 0.99991
0.645 0.999909
0.646 0.999909
0.647 0.999909
0.648 0.999909
0.649 0.999908
0.65 0.999908
0.651 0.999908
0.652 0.999908
0.653 0.999908
0.654 0.999908
0.655 0.999907
0.656 0.999907
0.657 0.999907
0.658 0.999907
0.659 0.999907
0.66 0.999907
0.661 0.999907
0.662 0.999907
0.663 0.999907
0.664 0.999907
0.665 0.999907
0.666 0.999907
0.667 0.999907
0.668 0.999907
0.669 0.999907
0.67 0.999907
0.671 0.999907
0.672 0.999907
0.673 0.999907
0.674 0.999907
0.675 0.999908
0.676 0.999908
0.677 0.999908
0.678 0.999908
0.679 0.999908
0.68 0.999908
0.681 0.999908
0.682 0.999909
0.683 0.999909
0.684 0.999909
0.685 0.999909
0.686 0.99991
0.687 0.99991
0.688 0.99991
0.689 0.99991
0.69 0.999911
0.691 0.999911
0.692 0.999911
0.693 0.999911
0.694 0.999912
0.695 0.999912
0.696 0.999912
0.697 0.999913
0.698 0.999913
0.699 0.999914
0.7 0.999914
0.701 0.999914
0.702 0.999915
0.703 0.999915
0.704 0.999916
0.705 0.999916
0.706 0.999916
0.707 0.999917
0.708 0.999917
0.709 0.999918
0.71 0.999918
0.711 0.999919
0.712 0.999919
0.713 0.99992
0.714 0.99992
0.715 0.999921
0.716 0.999921
0.717 0.999922
0.718 0.999922
0.719 0.999923
0.72 0.999923
0.721 0.999924
0.722 0.999924
0.723 0.999925
0.724 0.999926
0.725 0.999926
0.726 0.999927
0.727 0.999927
0.728 0.999928
0.729 0.999928
0.73 0.999929
0.731 0.99993
0.732 0.99993
0.733 0.999931
0.734 0.999932
0.735 0.999932
0.736 0.999933
0.737 0.999934
0.738 0.999934
0.739 0.999935
0.74 0.999935
0.741 0.999936
0.742 0.999937
0.743 0.999938
0.744 0.999938
0.745 0.999939
0.746 0.99994
0.747 0.99994
0.748 0.999941
0.749 0.999942
0.75 0.999942
0.751 0.999943
0.752 0.999944
0.753 0.999945
0.754 0.999945
0.755 0.999946
0.756 0.999947
0.757 0.999948
0.758 0.999948
0.759 0.999949
0.76 0.99995
0.761 0.999951
0.762 0.999951
0.763 0.999952
0.764 0.999953
0.765 0.999954
0.766 0.999954
0.767 0.999955
0.768 0.999956
0.769 0.999957
0.77 0.999958
0.771 0.999958
0.772 0.999959
0.773 0.99996
0.774 0.999961
0.775 0.999962
0.776 0.999962
0.777 0.999963
0.778 0.999964
0.779 0.999965
0.78 0.999966
0.781 0.999966
0.782 0.999967
0.783 0.999968
0.784 0.999969
0.785 0.99997
0.786 0.999971
0.787 0.999971
0.788 0.999972
0.789 0.999973
0.79 0.999974
0.791 0.999975
0.792 0.999976
0.793 0.999976
0.794 0.999977
0.795 0.999978
0.796 0.999979
0.797 0.99998
0.798 0.999981
0.799 0.999981
0.8 0.999982
0.801 0.999983
0.802 0.999984
0.803 0.999985
0.804 0.999986
0.805 0.999987
0.806 0.999987
0.807 0.999988
0.808 0.999989
0.809 0.99999
0.81 0.999991
0.811 0.999992
0.812 0.999992
0.813 0.999993
0.814 0.999994
0.815 0.999995
0.816 0.999996
0.817 0.999997
0.818 0.999998
0.819 0.999998
0.82 0.999999
0.821 1
0.822 1
0.823 1
0.824 1
0.825 1
0.826 1
0.827 1.00001
0.828 1.00001
0.829 1.00001
0.83 1.00001
0.831 1.00001
0.832 1.00001
0.833 1.00001
0.834 1.00001
0.835 1.00001
0.836 1.00001
0.837 1.00001
0.838 1.00001
0.839 1.00001
0.84 1.00002
0.841 1.00002
0.842 1.00002
0.843 1.00002
0.844 1.00002
0.845 1.00002
0.846 1.00002
0.847 1.00002
0.848 1.00002
0.849 1.00002
0.85 1.00002
0.851 1.00002
0.852 1.00003
0.853 1.00003
0.854 1.00003
0.855 1.00003
0.856 1.00003
0.857 1.00003
0.858 1.00003
0.859 1.00003
0.86 1.00003
0.861 1.00003
0.862 1.00003
0.863 1.00003
0.864 1.00003
0.865 1.00004
0.866 1.00004
0.867 1.00004
0.868 1.00004
0.869 1.00004
0.87 1.00004
0.871 1.00004
0.872 1.00004
0.873 1.00004
0.874 1.00004
0.875 1.00004
0.876 1.00004
0.877 1.00004
0.878 1.00004
0.879 1.00004
0.88 1.00005
0.881 1.00005
0.882 1.00005
0.883 1.00005
0.884 1.00005
0.885 1.00005
0.886 1.00005
0.887 1.00005
0.888 1.00005
0.889 1.00005
0.89 1.00005
0.891 1.00005
0.892 1.00005
0.893 1.00005
0.894 1.00005
0.895 1.00005
0.896 1.00006
0.897 1.00006
0.898 1.00006
0.899 1.00006
0.9 1.00006
0.901 1.00006
0.902 1.00006
0.903 1.00006
0.904 1.00006
0.905 1.00006
0.906 1.00006
0.907 1.00006
0.908 1.00006
0.909 1.00006
0.91 1.00006
0.911 1.00006
0.912 1.00006
0.913 1.00006
0.914 1.00006
0.915 1.00006
0.916 1.00007
0.917 1.00007
0.918 1.00007
0.919 1.00007
0.92 1.00007
0.921 1.00007
0.922 1.00007
0.923 1.00007
0.924 1.00007
0.925 1.00007
0.926 1.00007
0.927 1.00007
0.928 1.00007
0.929 1.00007
0.93 1.00007
0.931 1.00007
0.932 1.00007
0.933 1.00007
0.934 1.00007
0.935 1.00007
0.936 1.00007
0.937 1.00007
0.938 1.00007
0.939 1.00007
0.94 1.00007
0.941 1.00007
0.942 1.00007
0.943 1.00007
0.944 1.00007
0.945 1.00007
0.946 1.00007
0.947 1.00007
0.948 1.00007
0.949 1.00007
0.95 1.00007
0.951 1.00007
0.952 1.00007
0.953 1.00007
0.954 1.00007
0.955 1.00007
0.956 1.00007
0.957 1.00008
0.958 1.00008
0.959 1.00008
0.96 1.00008
0.961 1.00008
0.962 1.00008
0.963 1.00008
0.964 1.00007
0.965 1.00007
0.966 1.00007
0.967 1.00007
0.968 1.00007
0.969 1.00007
0.97 1.00007
0.971 1.00007
0.972 1.00007
0.973 1.00007
0.974 1.00007
0.975 1.00007
0.976 1.00007
0.977 1.00007
0.978 1.00007
0.979 1.00007
0.98 1.00007
0.981 1.00007
0.982 1.00007
0.983 1.00007
0.984 1.00007
0.985 1.00007
0.986 1.00007
0.987 1.00007
0.988 1.00007
0.989 1.00007
0.99 1.00007
0.991 1.00007
0.992 1.00007
0.993 1.00007
0.994 1.00007
0.995 1.00007
0.996 1.00007
0.997 1.00007
0.998 1.00007
0.999 1.00007
