1 0.5 4.93429
0.999942 0.501162 4.93358
0.999775 0.504511 4.93269
0.999496 0.509897 4.93122
0.999106 0.517173 4.92908
0.998603 0.526203 4.92608
0.997991 0.536866 4.92224
0.997271 0.549047 4.91757
0.99645 0.562646 4.91242
0.995533 0.577584 4.90688
0.99453 0.593814 4.90174
0.993445 0.6113 4.89716
0.992294 0.63004 4.89414
0.99109 0.650042 4.89368
0.989843 0.671304 4.89642
0.988558 0.693792 4.90255
0.987241 0.717431 4.91233
0.9859 0.742073 4.92613
0.984544 0.767473 4.94379
0.983177 0.793275 4.96474
0.981807 0.81902 4.98872
0.98043 0.844141 5.0143
0.979046 0.86801 5.04052
0.977652 0.889993 5.06635
0.97624 0.909496 5.09045
0.974794 0.926022 5.11159
0.9733 0.93922 5.1287
0.971749 0.948923 5.14147
0.970127 0.955148 5.14998
0.968416 0.958079 5.15407
0.966604 0.958046 5.15451
0.964675 0.955468 5.15214
0.962619 0.950801 5.14771
0.960438 0.94449 5.14335
0.958139 0.936898 5.14035
0.955732 0.928269 5.14007
0.953236 0.918713 5.14366
0.95068 0.908212 5.1522
0.948096 0.896648 5.16644
0.945514 0.883837 5.18609
0.942967 0.869594 5.21031
0.940495 0.853795 5.23862
0.938129 0.836409 5.26933
0.935909 0.817539 5.30118
0.933863 0.79741 5.33253
0.932015 0.776351 5.36181
0.930376 0.754733 5.3872
0.92896 0.732898 5.40792
0.927774 0.711072 5.42374
0.926816 0.689309 5.43454
0.92608 0.66745 5.44077
0.92556 0.645151 5.44444
0.92524 0.621937 5.44686
0.925105 0.59733 5.45081
0.925131 0.570973 5.45807
0.925289 0.542785 5.47109
0.925549 0.513071 5.49164
0.925879 0.482581 5.52094
0.926251 0.452518 5.56007
0.926638 0.424447 5.6095
0.927001 0.400141 5.66756
0.927314 0.3814 5.73321
0.927547 0.369818 5.80397
0.927679 0.366582 5.87694
0.927691 0.372284 5.94895
0.927576 0.386822 6.01676
0.927335 0.409399 6.07749
0.926978 0.438596 6.12864
0.926529 0.472532 6.16877
0.92602 0.509072 6.19721
0.925483 0.546074 6.21366
0.924961 0.581644 6.21933
0.924508 0.614337 6.21656
0.92418 0.643299 6.20847
0.924032 0.66831 6.19861
0.924115 0.689752 6.19083
0.924478 0.708487 6.18925
0.925154 0.725651 6.1972
0.926167 0.742427 6.21741
0.927532 0.759815 6.25218
0.929242 0.778434 6.30184
0.931281 0.798392 6.36607
0.933625 0.819257 6.44367
0.936236 0.840115 6.53201
0.939064 0.859726 6.62783
0.942047 0.876735 6.72649
0.945124 0.889934 6.82405
0.948231 0.898505 6.91626
0.951305 0.902221 6.99912
0.954292 0.901563 7.07018
0.95714 0.897685 7.12779
0.9598 0.892271 7.17068
0.962239 0.887283 7.20013
0.964427 0.88459 7.21761
0.966342 0.885598 7.22628
0.967968 0.890902 7.22931
0.969302 0.900089 7.23091
0.970353 0.911687 7.23547
0.971135 0.923305 7.24695
0.971673 0.93196 7.26856
0.971998 0.934538 7.30291
0.972141 0.928303 7.35069
0.972148 0.911397 7.4121
0.972071 0.883195 7.48569
0.971972 0.844506 7.56983
0.971906 0.797528 7.66056
0.971938 0.745639 7.75442
0.972133 0.692968 7.84773
0.972547 0.64387 7.93652
0.973227 0.602375 8.0173
0.974211 0.571694 8.08797
0.975518 0.553796 8.14643
0.977157 0.549183 8.19301
0.97912 0.556852 8.22848
0.98138 0.574469 8.25541
0.983888 0.598704 8.27687
0.986573 0.625708 8.29622
0.98936 0.651664 8.31785
0.99216 0.673305 8.34587
0.994875 0.688346 8.38348
0.997415 0.695777 8.43357
0.999688 0.695926 8.4978
1.00162 0.690328 8.57631
1.00314 0.681395 8.6681
1.0042 0.671951 8.77081
1.00477 0.664688 8.8809
1.00482 0.661646 8.99335
1.00436 0.663838 9.1034
1.00342 0.670989 9.20641
1.00204 0.681501 9.29769
1.00028 0.692698 9.37347
0.99818 0.70128 9.43115
0.995829 0.703934 9.46957
0.993296 0.697992 9.48917
0.990657 0.682044 9.49187
0.98799 0.656389 9.48152
0.985367 0.62319 9.46236
0.98286 0.586342 9.44016
0.980538 0.550988 9.42145
0.978456 0.52278 9.41188
0.976657 0.507002 9.41668
0.975177 0.507703 9.44012
0.974039 0.526969 9.48484
0.973263 0.564491 9.55269
0.972846 0.617503 9.64248
0.97278 0.68112 9.75264
0.973035 0.748968 9.87905
0.973567 0.814093 10.0164
0.97432 0.869949 10.159
0.975224 0.91132 10.3006
0.976189 0.935002 10.4345
0.977124 0.940218 10.5554
0.977934 0.928652 10.6587
0.978525 0.904141 10.7419
0.978801 0.872047 10.8031
0.978677 0.838438 10.8431
0.978079 0.809188 10.8637
0.976955 0.78912 10.8681
0.975279 0.781335 10.8612
0.973054 0.786769 10.8488
0.970303 0.804098 10.8363
0.967081 0.829994 10.8293
0.963464 0.859669 10.8323
0.959553 0.887655 10.8496
0.955454 0.908654 10.8829
0.951284 0.918415 10.9326
0.947167 0.914435 10.9982
0.943221 0.896381 11.077
0.939558 0.86619 11.1658
0.936278 0.827797 11.2605
0.933457 0.786534 11.3559
0.93115 0.748257 11.4475
0.929393 0.718338 11.5309
0.928205 0.700694 11.6032
0.927585 0.697011 11.6626
0.927506 0.706322 11.7082
0.927936 0.725015 11.7414
0.928825 0.747321 11.7645
0.930109 0.766222 11.7813
0.931716 0.774656 11.7961
0.933561 0.766777 11.8136
0.935557 0.739086 11.8383
0.937613 0.6912 11.8744
0.939642 0.62612 11.9253
0.941562 0.549931 11.9931
0.943278 0.47096 12.0777
0.944711 0.398581 12.1779
0.94579 0.341808 12.2908
0.946454 0.307936 12.4122
0.946654 0.301426 12.5368
0.946364 0.323227 12.6589
0.945576 0.370677 12.7728
0.944307 0.437905 12.8731
0.942595 0.516697 12.9554
0.940508 0.597694 13.0177
0.93812 0.671703 13.0573
0.935535 0.73102 13.0752
0.932873 0.770452 13.0737
0.930266 0.787968 13.0569
0.927851 0.784868 13.0302
0.925759 0.765466 12.9998
0.924113 0.736336 12.9723
0.923017 0.705218 12.9547
0.922551 0.679775 12.9523
0.922772 0.666382 12.9705
0.923699 0.669113 13.012
0.92532 0.689095 13.0779
0.927601 0.724313 13.1677
0.930478 0.769936 13.2795
0.933854 0.819068 13.4085
0.937616 0.863853 13.5491
0.941635 0.896747 13.6948
0.945781 0.911793 13.839
0.949921 0.905699 13.9748
0.953935 0.878527 14.097
0.957707 0.833841 14.2008
0.961137 0.778297 14.2832
0.964141 0.720704 14.3431
0.966657 0.670635 14.3812
0.968638 0.636842 14.4
0.970053 0.625702 14.403
0.970892 0.640012 14.3949
0.971172 0.678371 14.3819
0.970919 0.735211 14.3695
0.970178 0.801593 14.3631
0.969009 0.866607 14.3675
0.967478 0.919137 14.3855
0.965667 0.949714 14.4191
0.963675 0.952075 14.4689
0.961609 0.92421 14.5337
0.959578 0.86872 14.611
0.957698 0.792431 14.6971
0.956088 0.705335 14.7882
0.954859 0.619056 14.8802
0.954106 0.545116 14.9681
0.953912 0.49326 15.0489
0.954337 0.470061 15.1196
0.955419 0.478003 15.1787
0.957169 0.51521 15.2263
0.959567 0.575808 15.2638
0.962554 0.650837 15.2935
0.96604 0.729619 15.3183
0.96991 0.801339 15.3421
0.974029 0.856633 15.3693
0.978239 0.888935 15.403
0.982382 0.895399 15.4466
0.986297 0.877231 15.5022
0.989836 0.839428 15.5708
0.992867 0.789916 15.6517
0.995279 0.738241 15.743
0.996988 0.694008 15.8416
0.99794 0.665307 15.9428
0.998117 0.657388 16.0417
0.997545 0.671748 16.1342
0.996267 0.705743 16.2148
0.994357 0.752949 16.2798
0.991909 0.804114 16.3261
0.989032 0.848631 16.3522
0.985849 0.876291 16.358
0.982483 0.879051 16.345
0.979062 0.852548 16.3165
0.975709 0.797075 16.277
0.972538 0.717807 16.2316
0.969662 0.624224 16.187
0.967171 0.528752 16.1491
0.965139 0.444863 16.1232
0.963623 0.384928 16.1139
0.96267 0.35818 16.1249
0.962307 0.369162 16.1582
0.962542 0.416953 16.2138
0.963365 0.495283 16.2905
0.964744 0.5935 16.3851
0.966621 0.698256 16.493
0.968926 0.795622 16.6092
0.971565 0.873223 16.7276
0.974419 0.922059 16.8419
0.977362 0.937749 16.9468
0.980257 0.921028 17.0376
0.982966 0.877458 17.1112
0.985341 0.816395 17.1652
0.987245 0.749438 17.1988
0.988556 0.688597 17.2134
0.989169 0.644441 17.211
0.989015 0.624527 17.1948
0.988062 0.632287 17.1697
0.986306 0.666538 17.1397
0.983788 0.721749 17.1096
0.980584 0.78892 17.0833
0.976805 0.857009 17.0644
0.972586 0.914641 17.055
0.968078 0.951908 17.0558
0.96345 0.961966 17.0666
0.958874 0.942142 17.0866
0.954515 0.894427 17.1132
0.950527 0.825271 17.1442
0.947039 0.744676 17.1762
0.944149 0.664716 17.2064
0.941929 0.59767 17.2317
0.940427 0.554077 17.2508
0.939657 0.540987 17.2626
0.939599 0.560729 17.2671
0.940218 0.610368 17.2654
0.941454 0.682002 17.2598
0.943223 0.763897 17.2527
0.945432 0.842318 17.2477
0.947967 0.903742 17.2473
0.950715 0.937093 17.2548
0.953555 0.935638 17.272
0.956371 0.898184 17.3007
0.959049 0.829353 17.3414
0.961473 0.738861 17.3929
0.963534 0.639973 17.4527
0.965139 0.547372 17.5183
0.966201 0.474775 17.5851
0.966653 0.432763 17.6489
0.966449 0.427126 17.7051
0.965564 0.458068 17.7495
0.963999 0.520313 17.7785
0.961784 0.604028 17.7897
0.958976 0.696462 17.7823
0.955654 0.783948 17.7562
0.951922 0.854027 17.7128
0.947917 0.897314 17.6553
0.94379 0.908812 17.5883
0.939708 0.888535 17.5166
0.935837 0.841383 17.4459
0.932341 0.776269 17.3814
0.929372 0.704657 17.3283
0.927054 0.63874 17.2903
0.925491 0.589544 17.2706
0.924747 0.565214 17.2707
0.924845 0.569745 17.2899
0.925777 0.602346 17.327
0.927497 0.657561 17.3793
0.929918 0.726096 17.4424
0.93292 0.796234 17.5116
0.93636 0.855637 17.5811
0.940088 0.893278 17.6465
0.943941 0.90123 17.7027
0.947765 0.876027 17.7464
0.951414 0.819358 17.7754
0.95475 0.737976 17.7881
0.957658 0.642837 17.7846
0.960051 0.547527 17.767
0.961855 0.466174 17.7373
0.963026 0.411229 17.6992
0.963541 0.391401 17.6558
0.963408 0.410198 17.6117
0.962655 0.46523 17.5702
0.961325 0.548509 17.5342
0.959481 0.647702 17.5059
0.957198 0.748122 17.486
0.954562 0.835128 17.4741
0.951682 0.896488 17.4693
0.948672 0.924303 17.4698
0.945654 0.916202 17.4731
0.942751 0.875579 17.4758
0.940096 0.810886 17.4759
0.937813 0.734101 17.4711
0.936016 0.658716 17.4595
0.934807 0.597562 17.4405
0.93427 0.560809 17.4144
0.934465 0.554434 17.382
0.935434 0.579419 17.3462
0.937179 0.63174 17.3096
0.939673 0.703111 17.2758
0.942843 0.78236 17.2477
0.946593 0.857205 17.2284
0.9508 0.916172 17.2207
0.95531 0.95036 17.2259
0.959955 0.954788 17.2441
0.964566 0.929136 17.2748
0.968969 0.877769 17.3157
0.973002 0.80906 17.3636
0.976522 0.734069 17.4143
0.979408 0.664822 17.4628
0.98157 0.612455 17.5039
0.982954 0.585478 17.5324
0.983555 0.588435 17.5449
0.983393 0.621095 17.5381
0.982523 0.67841 17.5099
0.981028 0.751218 17.4602
0.979013 0.827587 17.3903
0.976601 0.89461 17.3029
0.973923 0.940395 17.2022
0.971116 0.955984 17.0932
0.968317 0.936866 16.982
0.96565 0.883834 16.8742
0.963242 0.803025 16.7761
0.961195 0.705073 16.6924
0.959591 0.60353 16.6267
0.958498 0.512757 16.5813
0.957969 0.44565 16.5568
0.958038 0.411567 16.5526
0.958723 0.41487 16.5663
0.960017 0.454289 16.5937
0.961899 0.523204 16.6309
0.964322 0.61082 16.6718
0.967224 0.704029 16.7113
0.970525 0.789563 16.7447
0.974121 0.856083 16.767
0.977895 0.895852 16.7748
0.981725 0.905766 16.7667
0.985476 0.88758 16.7421
0.989011 0.847369 16.7021
0.992184 0.794312 16.6482
0.994866 0.739092 16.584
0.996938 0.692095 16.5128
0.998307 0.661769 16.4389
0.998912 0.653302 16.3664
0.998718 0.667842 16.2987
0.997727 0.702381 16.2382
0.995978 0.750287 16.1867
0.993547 0.802371 16.1444
0.99054 0.848359 16.1107
0.987079 0.878535 16.0826
0.983317 0.885362 16.058
0.979417 0.864713 16.0332
0.97554 0.816626 16.0047
0.971849 0.745438 15.9693
0.968481 0.659272 15.9243
0.965554 0.568937 15.8675
0.963161 0.486393 15.7985
0.96137 0.423013 15.7179
0.960218 0.387876 15.6278
0.959709 0.386388 15.5312
0.959822 0.419392 15.4319
0.960517 0.48295 15.3352
0.961726 0.568847 15.2453
0.963363 0.665788 15.1668
0.96533 0.761078 15.1032
0.96752 0.842541 15.0569
0.969821 0.900381 15.029
0.972127 0.928679 15.0193
0.974334 0.926243 15.0259
0.976333 0.896672 15.0453
0.978022 0.847647 15.0721
0.979318 0.78958 15.1012
0.980139 0.733797 15.1262
0.980421 0.690645 15.1412
0.980115 0.667801 15.1405
0.979191 0.66912 15.12
0.977638 0.694176 15.0767
0.975469 0.738496 15.0094
0.972715 0.794477 14.9189
0.969431 0.852746 14.8075
0.965685 0.903772 14.6787
0.961582 0.93945 14.5387
0.957239 0.954325 14.3933
0.95279 0.946381 14.2496
0.948377 0.917251 14.1139
0.944143 0.871863 13.9923
0.940228 0.817565 13.8895
0.93676 0.762915 13.8086
0.933846 0.716308 13.7507
0.931574 0.684648 13.7159
0.929994 0.672252 13.7012
0.929133 0.680158 13.703
0.928985 0.705953 13.7165
0.929503 0.744128 13.7356
0.930611 0.7869 13.7538
0.932207 0.825384 13.7652
0.934172 0.85094 13.7647
0.936379 0.856529 13.7482
0.938693 0.837851 13.7133
0.940988 0.794083 13.6595
0.943138 0.72812 13.5874
0.945035 0.646286 13.4997
0.946589 0.557509 13.4002
0.947729 0.472079 13.2936
0.948403 0.400171 13.1849
0.94858 0.350337 13.0791
0.948259 0.328246 12.9809
0.947455 0.335824 12.8945
0.946196 0.370964 12.8217
0.944529 0.427906 12.7637
0.94251 0.498179 12.7198
0.940203 0.57198 12.6873
0.937694 0.639728 12.6635
0.935068 0.693509 12.6439
0.932419 0.728243 12.6242
0.929842 0.742309 12.5994
0.927436 0.73757 12.5657
0.925301 0.718811 12.52
0.923523 0.692734 12.4604
0.922183 0.66671 12.386
0.921355 0.647483 12.2984
0.921094 0.640055 12.1996
0.921446 0.646931 12.0938
0.922432 0.667819 11.9858
0.924048 0.699807 11.881
0.926262 0.737946 11.784
0.929018 0.776151 11.6996
0.932244 0.808248 11.6318
0.935842 0.82902 11.5829
0.939695 0.835068 11.5536
0.943683 0.825375 11.5435
0.947675 0.801494 11.5496
0.951546 0.767341 11.5683
0.955171 0.728592 11.594
0.958444 0.691822 11.6209
0.961273 0.663503 11.6422
0.963594 0.649013 11.6515
0.965375 0.651815 11.6441
0.966613 0.672874 11.6162
0.967319 0.710447 11.5643
0.967538 0.760315 11.4885
0.967332 0.816333 11.3894
0.966781 0.871295 11.2701
0.965973 0.917939 11.1352
0.965007 0.949988 10.9904
0.963981 0.963084 10.8421
0.962992 0.955429 10.6971
0.962131 0.928073 10.5619
0.96148 0.88477 10.4423
0.9611 0.831418 10.3422
0.961042 0.775184 10.2641
0.961348 0.72341 10.209
0.962047 0.68251 10.1763
0.963153 0.657029 10.1631
0.964665 0.649032 10.1653
0.966574 0.65789 10.1781
0.96885 0.680515 10.1953
0.971456 0.712009 10.2108
0.974344 0.746574 10.2197
0.977451 0.778485 10.2167
0.980704 0.802991 10.1983
0.984027 0.81699 10.1624
0.98734 0.819361 10.1086
0.990554 0.810953 10.0385
0.993573 0.794233 9.95376
0.99631 0.772719 9.85835
0.99868 0.750271 9.75651
1.00061 0.730381 9.65283
1.00205 0.715589 9.55237
1.00297 0.707047 9.45938
1.00333 0.704368 9.37656
1.00315 0.705751 9.30659
1.00246 0.708299 9.24988
1.0013 0.70855 9.20629
0.999742 0.70308 9.17319
0.997858 0.689162 9.14769
0.995748 0.665278 9.12611
0.993513 0.631455 9.10425
0.991255 0.589377 9.07796
0.989069 0.542259 9.04378
0.987034 0.494463 8.99811
0.985221 0.450962 8.9392
0.983685 0.416683 8.86651
0.982467 0.395844 8.78115
0.98158 0.391366 8.68468
0.981026 0.404483 8.58043
0.980791 0.434546 8.47277
0.980845 0.479092 8.36601
0.98114 0.534178 8.26468
0.981623 0.594919 8.17313
0.982229 0.65613 8.09431
0.982897 0.713018 8.03108
0.983564 0.761789 7.98424
0.984172 0.800097 7.95425
0.98466 0.827228 7.93923
0.984965 0.844054 7.93576
0.985042 0.852759 7.9402
0.984846 0.856348 7.94814
0.984339 0.858059 7.95403
0.983496 0.860795 7.95346
0.982299 0.866641 7.9419
0.980742 0.87659 7.91602
0.978827 0.890462 7.87375
0.97657 0.907039 7.81417
0.973993 0.92438 7.73788
0.971123 0.940228 7.64622
0.968008 0.952472 7.5426
0.964709 0.959507 7.43137
0.961289 0.960486 7.31729
0.95782 0.955426 7.20507
0.954375 0.945165 7.09946
0.951027 0.931171 7.00463
0.947848 0.915261 6.92384
0.9449 0.899275 6.85885
0.94224 0.88476 6.81089
0.939905 0.872695 6.77868
0.937924 0.863326 6.76073
0.936314 0.856119 6.75444
0.935067 0.849843 6.75592
0.934157 0.842756 6.76066
0.933546 0.832887 6.76435
0.933184 0.818337 6.76283
0.933021 0.797608 6.75314
0.932994 0.769851 6.73212
0.933049 0.735059 6.69907
0.933126 0.694108 6.65317
0.933171 0.648712 6.59519
0.933142 0.601244 6.52728
0.933004 0.554458 6.45217
0.932726 0.511163 6.37253
0.932293 0.473889 6.29213
0.931701 0.444586 6.21421
0.930961 0.424424 6.14241
0.93008 0.413671 6.07877
0.929079 0.411727 6.02499
0.927979 0.417272 5.98175
0.926807 0.428506 5.94859
0.925597 0.443427 5.92452
0.924389 0.460112 5.90793
0.923218 0.47696 5.89633
0.922122 0.492867 5.88687
0.921141 0.507288 5.87693
0.920316 0.520204 5.86467
0.919678 0.532002 5.84747
0.919254 0.543311 5.82401
0.919073 0.554822 5.79378
0.919155 0.567121 5.75677
0.919519 0.580577 5.7141
0.920178 0.595279 5.66761
0.921128 0.611048 5.61894
0.922362 0.627506 5.57064
0.923858 0.644159 5.52457
0.925597 0.660527 5.48335
0.927547 0.676238 5.44877
0.929666 0.691109 5.42154
0.931918 0.705195 5.40271
0.93426 0.718776 5.39224
0.936647 0.732316 5.38914
0.939038 0.746376 5.39212
0.941389 0.761502 5.39922
0.943665 0.778124 5.40788
0.945836 0.796467 5.41575
0.947888 0.816494 5.42069
0.949818 0.837874 5.42119
0.951617 0.859993 5.41509
0.953293 0.882023 5.40176
0.954858 0.903 5.38071
0.95633 0.921931 5.35232
0.957727 0.937893 5.31734
0.959075 0.95013 5.27722
0.960396 0.958129 5.23384
0.961713 0.961661 5.18921
0.963048 0.960792 5.14533
0.964421 0.955849 5.10477
0.965836 0.947357 5.06838
0.9673 0.935969 5.0376
0.968817 0.922387 5.0132
0.970392 0.907272 4.99566
0.972022 0.891183 4.98485
0.973705 0.87454 4.98014
0.975432 0.857608 4.98052
0.977196 0.840508 4.9851
0.978981 0.823247 4.99172
0.980779 0.805782 4.99983
0.982571 0.78804 5.00757
0.984341 0.76997 5.01374
0.986076 0.751563 5.01778
0.987764 0.732858 5.01932
0.989389 0.713925 5.01791
0.99093 0.694866 5.0136
0.992372 0.675801 5.00656
0.9937 0.656865 4.99731
0.994903 0.638202 4.98623
0.995978 0.619978 4.97436
0.996921 0.602373 4.96242
0.997729 0.585579 4.95087
0.998406 0.569814 4.94019
0.998958 0.555318 4.93087
0.999393 0.542348 4.92326
0.999712 0.531164 4.91711
0.999922 0.522036 4.91223
1.00004 0.515225 4.90916
1.00006 0.51094 4.90727
1.00001 0.509338 4.90662
0.999872 0.510505 4.90732
0.999653 0.514428 4.90862
0.999348 0.521022 4.91052
0.998954 0.530135 4.91294
0.99847 0.541559 4.91594
0.997889 0.555044 4.91943
0.997207 0.570313 4.92303
0.996424 0.587094 4.92684
0.995539 0.60511 4.93098
0.994546 0.624089 4.93451
0.993449 0.643793 4.93763
0.992245 0.663998 4.93951
0.990941 0.684513 4.94007
0.989546 0.705165 4.93887
0.988072 0.725807 4.93626
0.98653 0.7463 4.932
0.984925 0.766522 4.92614
0.98327 0.78638 4.91898
0.981581 0.805812 4.91152
0.979864 0.824766 4.90403
0.978136 0.843216 4.89787
0.976408 0.861123 4.89377
0.974692 0.878418 4.89298
0.972999 0.894968 4.89629
0.971337 0.910562 4.90462
0.96971 0.924892 4.91846
0.968116 0.937553 4.93742
0.966552 0.948075 4.96115
0.965025 0.955957 4.98969
0.963527 0.960704 5.02149
0.962052 0.961898 5.05565
0.960587 0.959251 5.09038
0.959118 0.952661 5.12406
0.957629 0.942249 5.15515
0.956103 0.928355 5.18215
0.954522 0.911523 5.20396
0.952871 0.892449 5.21994
0.951133 0.871913 5.2293
0.949307 0.850712 5.23319
0.947386 0.82956 5.23233
0.945366 0.809024 5.22755
0.94325 0.78948 5.22041
0.941054 0.77109 5.21287
0.9388 0.753814 5.20692
0.936516 0.737434 5.20432
0.934239 0.721621 5.20699
0.932006 0.706003 5.21608
0.929854 0.690253 5.23193
0.927825 0.674147 5.25505
0.925957 0.657607 5.28482
0.924281 0.640719 5.32008
0.922822 0.623711 5.35912
0.921606 0.606907 5.40005
0.920653 0.590659 5.4414
0.919969 0.575266 5.48099
0.919551 0.560893 5.51686
0.919393 0.547523 5.54799
0.919475 0.534925 5.57303
0.919781 0.522701 5.59205
0.920291 0.510361 5.60618
0.920977 0.497448 5.6162
0.92181 0.483697 5.62425
0.922758 0.469159 5.6322
0.923793 0.454318 5.64303
0.924879 0.440111 5.65887
0.925978 0.427875 5.68167
0.927058 0.419213 5.71294
0.928091 0.415793 5.75382
0.929047 0.419121 5.80413
0.929909 0.4303 5.86391
0.930656 0.449831 5.93104
0.931273 0.477504 6.00329
0.931751 0.512367 6.07742
0.932098 0.5528 6.15083
0.932327 0.596671 6.22023
0.932459 0.641569 6.28243
0.932528 0.685092 6.33516
0.932578 0.725118 6.37705
0.932656 0.760043 6.40718
0.932816 0.788945 6.42617
0.933108 0.811658 6.43504
0.933585 0.82875 6.43638
0.934294 0.841384 6.4329
0.935281 0.851106 6.42876
0.936583 0.85958 6.42836
0.938218 0.868315 6.43512
0.940187 0.878418 6.45234
0.942487 0.890423 6.48326
0.945089 0.904193 6.52905
0.947958 0.918965 6.59061
0.951044 0.933482 6.66706
0.954289 0.946212 6.75645
0.95763 0.955623 6.85588
0.960999 0.960465 6.96141
0.964331 0.96001 7.06892
0.967555 0.954204 7.17362
0.970604 0.943713 7.27058
0.973428 0.92986 7.35619
0.975983 0.914405 7.42778
0.978236 0.899232 7.48346
0.980164 0.885982 7.52274
0.981755 0.875704 7.54653
0.983006 0.868588 7.55716
0.983922 0.863818 7.55761
0.984523 0.859632 7.55251
0.984832 0.85353 7.54615
0.984877 0.842688 7.54294
0.984705 0.824476 7.54766
0.984363 0.796964 7.56418
0.983904 0.759361 7.59511
0.983381 0.712291 7.64186
0.982846 0.657868 7.70409
0.982363 0.599525 7.7812
0.981987 0.541599 7.87022
0.981777 0.488815 7.96806
0.981787 0.445657 8.07081
0.982058 0.415763 8.17386
0.98262 0.401448 8.27288
0.983497 0.403414 8.36464
0.984686 0.420667 8.44566
0.986171 0.450677 8.51434
0.987912 0.489721 8.56938
0.989864 0.5334 8.61223
0.991961 0.5772 8.64451
0.994121 0.617094 8.66924
0.996256 0.650039 8.69015
0.998266 0.674316 8.71123
1.00005 0.68968 8.73612
1.00153 0.697312 8.76886
1.00262 0.699517 8.81233
1.00326 0.699274 8.86838
1.0034 0.69967 8.93721
1.00303 0.703366 9.01851
1.00214 0.712076 9.11024
1.00073 0.726232 9.20889
0.998863 0.74488 9.31045
0.99657 0.7658 9.41011
0.993921 0.785871 9.5032
0.990998 0.801624 9.58581
0.987883 0.809871 9.65421
0.984664 0.808368 9.70649
0.981421 0.796342 9.74097
0.978233 0.774823 9.75832
0.975181 0.746644 9.76112
0.97233 0.716124 9.75233
0.969739 0.688477 9.73666
0.96746 0.668996 9.72
0.965531 0.662151 9.7079
0.96398 0.670767 9.70628
0.962821 0.695458 9.7202
0.962054 0.734384 9.75351
0.961661 0.783407 9.8086
0.961614 0.836639 9.88608
0.961881 0.88729 9.98554
0.96241 0.92867 10.1042
0.963137 0.955195 10.2377
0.963984 0.963237 10.3805
0.964869 0.951664 10.5266
0.965698 0.922016 10.6691
0.966377 0.878264 10.8016
0.966814 0.826217 10.9187
0.966923 0.772666 11.0161
0.966624 0.724409 11.0903
0.965863 0.687308 11.1412
0.9646 0.665443 11.1692
0.962811 0.660572 11.1767
0.960499 0.671949 11.1677
0.957698 0.696491 11.1474
0.954469 0.729298 11.1221
0.950898 0.764401 11.0981
0.947085 0.795679 11.0812
0.943154 0.817804 11.0771
0.939223 0.827028 11.0891
0.935423 0.821759 11.1201
0.931877 0.802768 11.1709
0.928691 0.773047 11.2403
0.925959 0.737316 11.3257
0.923758 0.701239 11.4236
0.922143 0.670469 11.5292
0.921142 0.649677 11.6376
0.920755 0.641701 11.7431
0.920964 0.646952 11.8414
0.921725 0.663212 11.9285
0.922984 0.685884 12.0018
0.924675 0.708696 12.0606
0.92672 0.724735 12.1054
0.929028 0.727671 12.1382
0.931511 0.712961 12.1621
0.934078 0.678832 12.1817
0.936636 0.626812 12.2014
0.939088 0.561707 12.2256
0.941353 0.491014 12.2588
0.943351 0.423829 12.3041
0.945013 0.369463 12.3634
0.946286 0.335979 12.438
0.947121 0.328877 12.5266
0.947485 0.35023 12.6267
0.947361 0.398328 12.7345
0.946756 0.467906 12.8453
0.9457 0.550921 12.9544
0.944237 0.637717 13.0562
0.942436 0.718449 13.1458
0.940394 0.784491 13.22
0.938213 0.829603 13.276
0.936014 0.850765 13.3129
0.933924 0.848502 13.3314
0.932068 0.826705 13.3337
0.930572 0.791947 13.3237
0.929552 0.752417 13.3067
0.92911 0.716636 13.289
0.929317 0.692153 13.2767
0.93021 0.684392 13.2754
0.931807 0.695831 13.2909
0.934082 0.725641 13.3268
0.936984 0.769844 13.3856
0.94043 0.821958 13.4678
0.944317 0.874025 13.5722
0.94852 0.917872 13.6956
0.952906 0.946446 13.8334
0.957335 0.954971 13.9799
0.961667 0.941775 14.1284
0.965762 0.908632 14.2713
0.969509 0.860615 14.4029
0.97281 0.805355 14.5173
0.975591 0.751865 14.6107
0.977795 0.709073 14.6805
0.979391 0.684295 14.7261
0.98037 0.68193 14.7486
0.980741 0.702549 14.751
0.980534 0.742603 14.7376
0.979799 0.794833 14.7145
0.978591 0.849341 14.687
0.976991 0.895229 14.6617
0.97509 0.922411 14.6447
0.972982 0.923369 14.6408
0.970764 0.894519 14.6534
0.968541 0.836941 14.6843
0.966419 0.756329 14.7341
0.964508 0.662154 14.8015
0.962911 0.566243 14.884
0.961729 0.480971 14.9781
0.961043 0.417379 15.0791
0.96092 0.383538 15.182
0.961412 0.383404 15.2824
0.96254 0.416326 15.3762
0.964295 0.477231 15.4601
0.966641 0.557446 15.5316
0.969516 0.64602 15.5906
0.972831 0.731331 15.6378
0.976464 0.802781 15.6747
0.980278 0.852286 15.7044
0.984115 0.875354 15.7302
0.987808 0.871633 15.7553
0.991204 0.844853 15.7839
0.994154 0.802129 15.8189
0.996533 0.752765 15.8625
0.998234 0.706732 15.9157
0.999189 0.673073 15.9782
0.999363 0.658432 16.0491
0.99875 0.665935 16.1255
0.99738 0.694656 16.2038
0.995317 0.739719 16.2801
0.992647 0.79301 16.3498
0.989489 0.844467 16.4094
0.985971 0.883675 16.4556
0.98223 0.901635 16.4862
0.978399 0.892357 16.4997
0.97461 0.854055 16.4965
0.970995 0.789679 16.4788
0.967667 0.706681 16.4496
0.964722 0.616043 16.4129
0.962249 0.530668 16.3744
0.960309 0.463334 16.3391
0.958951 0.424608 16.313
0.958199 0.421057 16.3007
0.958059 0.45409 16.3064
0.958511 0.5196 16.3323
0.959519 0.608556 16.3792
0.96104 0.708401 16.4473
0.963007 0.805044 16.5343
0.965328 0.885082 16.636
0.967904 0.937898 16.748
0.970618 0.95726 16.8642
0.973345 0.942197 16.9789
0.975949 0.897011 17.0858
0.978296 0.830447 17.1795
0.980256 0.754216 17.2559
0.981705 0.681109 17.3117
0.982541 0.623025 17.3456
0.982685 0.589163 17.3581
0.982072 0.584653 17.3504
0.980677 0.609901 17.3254
0.978513 0.660616 17.2875
0.975629 0.728556 17.2416
0.972112 0.802826 17.1931
0.96808 0.871568 17.1468
0.963679 0.923811 17.1075
0.959067 0.951149 17.0784
0.954419 0.949043 17.0621
0.949912 0.917532 17.0599
0.945708 0.861242 17.0711
0.941954 0.788715 17.0942
0.938779 0.711115 17.127
0.936285 0.640515 17.1664
0.934536 0.588016 17.2092
0.933557 0.561985 17.2513
0.933347 0.566642 17.29
0.933867 0.601255 17.3226
0.935055 0.660105 17.3475
0.936834 0.733267 17.3647
0.939101 0.808099 17.3747
0.941741 0.871207 17.3787
0.944634 0.910646 17.3793
0.947655 0.917956 17.3792
0.950682 0.889697 17.3815
0.953586 0.828154 17.3883
0.956254 0.741118 17.4018
0.958583 0.64071 17.4236
0.960482 0.541461 17.454
0.961873 0.457971 17.4922
0.962693 0.402533 17.5366
0.962891 0.383169 17.5841
0.962439 0.402409 17.6313
0.961332 0.456946 17.6742
0.959594 0.538261 17.7096
0.957265 0.634045 17.7335
0.954413 0.730222 17.7435
0.951136 0.813168 17.7379
0.947548 0.871762 17.7165
0.943783 0.898994 17.68
