0 0.500095
0.001 0.506995
0.002 0.52429
0.003 0.550859
0.004 0.585091
0.005 0.625078
0.006 0.668805
0.007 0.714319
0.008 0.759847
0.009 0.803868
0.01 0.845132
0.011 0.882668
0.012 0.915719
0.013 0.943737
0.014 0.966331
0.015 0.98322
0.016 0.994202
0.017 0.999135
0.018 0.997914
0.019 0.990485
0.02 0.976842
0.021 0.957054
0.022 0.931284
0.023 0.899836
0.024 0.863181
0.025 0.822024
0.026 0.777353
0.027 0.730476
0.028 0.683005
0.029 0.636846
0.03 0.594043
0.031 0.556745
0.032 0.526945
0.033 0.506275
0.034 0.495858
0.035 0.496103
0.036 0.506706
0.037 0.526763
0.038 0.554895
0.039 0.589396
0.04 0.628426
0.041 0.67018
0.042 0.712996
0.043 0.755415
0.044 0.796211
0.045 0.834367
0.046 0.869098
0.047 0.899781
0.048 0.925956
0.049 0.947244
0.05 0.963343
0.051 0.974022
0.052 0.979068
0.053 0.978337
0.054 0.971736
0.055 0.959237
0.056 0.940912
0.057 0.916956
0.058 0.887713
0.059 0.853724
0.06 0.815775
0.061 0.774897
0.062 0.732401
0.063 0.689865
0.064 0.649093
0.065 0.612002
0.066 0.58048
0.067 0.556224
0.068 0.540633
0.069 0.534627
0.07 0.538544
0.071 0.552105
0.072 0.57447
0.073 0.604363
0.074 0.640203
0.075 0.680202
0.076 0.722569
0.077 0.765583
0.078 0.807698
0.079 0.847534
0.08 0.883947
0.081 0.916001
0.082 0.942946
0.083 0.964183
0.084 0.979247
0.085 0.987763
0.086 0.989454
0.087 0.984165
0.088 0.971821
0.089 0.95249
0.09 0.926388
0.091 0.893915
0.092 0.855706
0.093 0.812674
0.094 0.766057
0.095 0.717445
0.096 0.668785
0.097 0.622354
0.098 0.580619
0.099 0.545994
0.1 0.520683
0.101 0.506389
0.102 0.504045
0.103 0.513717
0.104 0.534627
0.105 0.565256
0.106 0.603563
0.107 0.647216
0.108 0.693864
0.109 0.741321
0.11 0.787691
0.111 0.831443
0.112 0.871376
0.113 0.906594
0.114 0.936477
0.115 0.960615
0.116 0.978769
0.117 0.990826
0.118 0.996739
0.119 0.996529
0.12 0.990281
0.121 0.978122
0.122 0.960259
0.123 0.936987
0.124 0.908706
0.125 0.875952
0.126 0.839442
0.127 0.800105
0.128 0.759106
0.129 0.717868
0.13 0.678012
0.131 0.641295
0.132 0.609506
0.133 0.584323
0.134 0.567161
0.135 0.559007
0.136 0.560318
0.137 0.570959
0.138 0.590212
0.139 0.61689
0.14 0.64945
0.141 0.686185
0.142 0.725371
0.143 0.765386
0.144 0.804799
0.145 0.842356
0.146 0.877056
0.147 0.908124
0.148 0.934958
0.149 0.957085
0.15 0.974147
0.151 0.985853
0.152 0.991982
0.153 0.992387
0.154 0.986941
0.155 0.975573
0.156 0.958276
0.157 0.935121
0.158 0.906316
0.159 0.872221
0.16 0.833398
0.161 0.790648
0.162 0.745047
0.163 0.697972
0.164 0.651126
0.165 0.60642
0.166 0.565912
0.167 0.53165
0.168 0.505481
0.169 0.488839
0.17 0.482581
0.171 0.486947
0.172 0.50152
0.173 0.525297
0.174 0.556847
0.175 0.594473
0.176 0.636338
0.177 0.680655
0.178 0.725763
0.179 0.770187
0.18 0.812675
0.181 0.852167
0.182 0.887777
0.183 0.918788
0.184 0.944619
0.185 0.964799
0.186 0.978965
0.187 0.986811
0.188 0.988097
0.189 0.982648
0.19 0.970395
0.191 0.951367
0.192 0.925726
0.193 0.89381
0.194 0.856181
0.195 0.813674
0.196 0.767421
0.197 0.718885
0.198 0.669826
0.199 0.622291
0.2 0.578506
0.201 0.540747
0.202 0.511144
0.203 0.49144
0.204 0.482816
0.205 0.485739
0.206 0.499911
0.207 0.524364
0.208 0.557511
0.209 0.597398
0.21 0.641896
0.211 0.688889
0.212 0.736408
0.213 0.78277
0.214 0.826537
0.215 0.866521
0.216 0.901788
0.217 0.931614
0.218 0.955466
0.219 0.972956
0.22 0.983818
0.221 0.987885
0.222 0.98509
0.223 0.975449
0.224 0.959093
0.225 0.936268
0.226 0.907378
0.227 0.873032
0.228 0.834055
0.229 0.791522
0.23 0.746809
0.231 0.701605
0.232 0.657877
0.233 0.617786
0.234 0.58352
0.235 0.557107
0.236 0.540182
0.237 0.533791
0.238 0.538262
0.239 0.553133
0.24 0.577259
0.241 0.609033
0.242 0.646516
0.243 0.687665
0.244 0.73051
0.245 0.773274
0.246 0.814464
0.247 0.852873
0.248 0.887579
0.249 0.917905
0.25 0.943392
0.251 0.963727
0.252 0.978706
0.253 0.988221
0.254 0.992225
0.255 0.99073
0.256 0.983787
0.257 0.971504
0.258 0.95406
0.259 0.931728
0.26 0.9049
0.261 0.874113
0.262 0.840087
0.263 0.803744
0.264 0.766226
0.265 0.72888
0.266 0.693226
0.267 0.660902
0.268 0.633533
0.269 0.612575
0.27 0.599174
0.271 0.594031
0.272 0.597344
0.273 0.608829
0.274 0.62769
0.275 0.652767
0.276 0.682666
0.277 0.715911
0.278 0.751033
0.279 0.786672
0.28 0.821638
0.281 0.854929
0.282 0.885694
0.283 0.913245
0.284 0.937008
0.285 0.956499
0.286 0.971309
0.287 0.981098
0.288 0.985566
0.289 0.984469
0.29 0.977604
0.291 0.964837
0.292 0.946093
0.293 0.921409
0.294 0.890956
0.295 0.855088
0.296 0.814392
0.297 0.769745
0.298 0.722337
0.299 0.67371
0.3 0.62572
0.301 0.580505
0.302 0.540311
0.303 0.507326
0.304 0.483507
0.305 0.470324
0.306 0.468581
0.307 0.478327
0.308 0.498898
0.309 0.528966
0.31 0.566784
0.311 0.610316
0.312 0.657447
0.313 0.70613
0.314 0.754487
0.315 0.800917
0.316 0.844108
0.317 0.88299
0.318 0.9167
0.319 0.944583
0.32 0.966128
0.321 0.980966
0.322 0.988826
0.323 0.989528
0.324 0.98298
0.325 0.969186
0.326 0.94826
0.327 0.92046
0.328 0.886218
0.329 0.846183
0.33 0.801252
0.331 0.752631
0.332 0.701853
0.333 0.650782
0.334 0.601557
0.335 0.556483
0.336 0.517914
0.337 0.488018
0.338 0.468565
0.339 0.460687
0.34 0.464763
0.341 0.480413
0.342 0.506512
0.343 0.54137
0.344 0.582943
0.345 0.628999
0.346 0.677388
0.347 0.726142
0.348 0.773551
0.349 0.818187
0.35 0.858894
0.351 0.8948
0.352 0.925242
0.353 0.949761
0.354 0.968031
0.355 0.979853
0.356 0.985113
0.357 0.983803
0.358 0.975987
0.359 0.961795
0.36 0.941454
0.361 0.915299
0.362 0.883819
0.363 0.847686
0.364 0.807798
0.365 0.765305
0.366 0.721631
0.367 0.678487
0.368 0.637813
0.369 0.601607
0.37 0.571829
0.371 0.550213
0.372 0.538027
0.373 0.535944
0.374 0.543961
0.375 0.561387
0.376 0.586977
0.377 0.619098
0.378 0.655916
0.379 0.695599
0.38 0.736415
0.381 0.776841
0.382 0.815601
0.383 0.85167
0.384 0.884259
0.385 0.912801
0.386 0.936884
0.387 0.956223
0.388 0.970614
0.389 0.979917
0.39 0.984068
0.391 0.983033
0.392 0.976826
0.393 0.965512
0.394 0.949241
0.395 0.928259
0.396 0.902928
0.397 0.873757
0.398 0.841424
0.399 0.806816
0.4 0.771032
0.401 0.73538
0.402 0.701324
0.403 0.670393
0.404 0.644094
0.405 0.623749
0.406 0.61041
0.407 0.604755
0.408 0.606993
0.409 0.616867
0.41 0.633741
0.411 0.656657
0.412 0.684445
0.413 0.715789
0.414 0.749367
0.415 0.783883
0.416 0.818151
0.417 0.851133
0.418 0.881908
0.419 0.90966
0.42 0.933712
0.421 0.953479
0.422 0.968458
0.423 0.97822
0.424 0.982392
0.425 0.980653
0.426 0.972768
0.427 0.958585
0.428 0.938052
0.429 0.911243
0.43 0.878406
0.431 0.840037
0.432 0.796897
0.433 0.75007
0.434 0.701044
0.435 0.651663
0.436 0.604104
0.437 0.560778
0.438 0.524099
0.439 0.49628
0.44 0.479117
0.441 0.473784
0.442 0.480627
0.443 0.49916
0.444 0.528094
0.445 0.565598
0.446 0.609467
0.447 0.657358
0.448 0.707025
0.449 0.756413
0.45 0.803768
0.451 0.847625
0.452 0.886827
0.453 0.920502
0.454 0.948006
0.455 0.968872
0.456 0.982792
0.457 0.989583
0.458 0.989167
0.459 0.981566
0.46 0.966901
0.461 0.945398
0.462 0.917409
0.463 0.883435
0.464 0.844166
0.465 0.800505
0.466 0.753616
0.467 0.704982
0.468 0.656375
0.469 0.609796
0.47 0.567404
0.471 0.531352
0.472 0.503599
0.473 0.485753
0.474 0.478853
0.475 0.483248
0.476 0.498584
0.477 0.523858
0.478 0.55749
0.479 0.597512
0.48 0.641857
0.481 0.688474
0.482 0.735468
0.483 0.781201
0.484 0.824309
0.485 0.863703
0.486 0.898566
0.487 0.92828
0.488 0.952411
0.489 0.970658
0.49 0.982835
0.491 0.988818
0.492 0.988542
0.493 0.981996
0.494 0.969231
0.495 0.950369
0.496 0.925611
0.497 0.895286
0.498 0.859894
0.499 0.820141
0.5 0.777004
0.501 0.731758
0.502 0.685941
0.503 0.6414
0.504 0.600163
0.505 0.564316
0.506 0.535793
0.507 0.51615
0.508 0.506427
0.509 0.507017
0.51 0.517645
0.511 0.537402
0.512 0.56492
0.513 0.598491
0.514 0.636303
0.515 0.676592
0.516 0.717753
0.517 0.758379
0.518 0.797291
0.519 0.833541
0.52 0.866385
0.521 0.895237
0.522 0.919653
0.523 0.939303
0.524 0.953942
0.525 0.963385
0.526 0.9675
0.527 0.966201
0.528 0.959453
0.529 0.94728
0.53 0.929788
0.531 0.907206
0.532 0.879908
0.533 0.848435
0.534 0.813543
0.535 0.776217
0.536 0.737685
0.537 0.699383
0.538 0.662914
0.539 0.62993
0.54 0.602051
0.541 0.580736
0.542 0.567122
0.543 0.561992
0.544 0.565608
0.545 0.577698
0.546 0.59754
0.547 0.624066
0.548 0.655938
0.549 0.691674
0.55 0.729748
0.551 0.768715
0.552 0.807219
0.553 0.844053
0.554 0.878155
0.555 0.908608
0.556 0.934639
0.557 0.955598
0.558 0.970937
0.559 0.980198
0.56 0.98301
0.561 0.979108
0.562 0.968321
0.563 0.95059
0.564 0.926011
0.565 0.894849
0.566 0.857611
0.567 0.8151
0.568 0.768441
0.569 0.719122
0.57 0.669027
0.571 0.620402
0.572 0.575756
0.573 0.537616
0.574 0.508349
0.575 0.489871
0.576 0.483403
0.577 0.489313
0.578 0.507123
0.579 0.535528
0.58 0.572605
0.581 0.616055
0.582 0.663451
0.583 0.712478
0.584 0.761061
0.585 0.807461
0.586 0.85027
0.587 0.888397
0.588 0.921047
0.589 0.94769
0.59 0.967983
0.591 0.981733
0.592 0.988875
0.593 0.989434
0.594 0.983516
0.595 0.971291
0.596 0.952997
0.597 0.928975
0.598 0.899671
0.599 0.865676
0.6 0.827755
0.601 0.786892
0.602 0.744298
0.603 0.701429
0.604 0.659961
0.605 0.621704
0.606 0.588516
0.607 0.562162
0.608 0.544118
0.609 0.535453
0.61 0.536691
0.611 0.547747
0.612 0.567907
0.613 0.59593
0.614 0.630215
0.615 0.668938
0.616 0.710248
0.617 0.75242
0.618 0.793894
0.619 0.833364
0.62 0.86979
0.621 0.902373
0.622 0.930501
0.623 0.953686
0.624 0.971561
0.625 0.983866
0.626 0.990417
0.627 0.991089
0.628 0.985799
0.629 0.974498
0.63 0.957216
0.631 0.934055
0.632 0.905222
0.633 0.871086
0.634 0.832224
0.635 0.789468
0.636 0.743962
0.637 0.697146
0.638 0.650761
0.639 0.606748
0.64 0.567165
0.641 0.534049
0.642 0.50917
0.643 0.493852
0.644 0.48882
0.645 0.494174
0.646 0.509348
0.647 0.533249
0.648 0.564375
0.649 0.601035
0.65 0.64147
0.651 0.683983
0.652 0.72704
0.653 0.769302
0.654 0.809612
0.655 0.847046
0.656 0.880839
0.657 0.910377
0.658 0.935185
0.659 0.954859
0.66 0.969075
0.661 0.977566
0.662 0.980122
0.663 0.976596
0.664 0.966911
0.665 0.951063
0.666 0.929165
0.667 0.901484
0.668 0.868475
0.669 0.830823
0.67 0.78947
0.671 0.745637
0.672 0.70082
0.673 0.656762
0.674 0.615412
0.675 0.578812
0.676 0.548913
0.677 0.527405
0.678 0.515537
0.679 0.513979
0.68 0.522819
0.681 0.54147
0.682 0.568752
0.683 0.603064
0.684 0.642567
0.685 0.685374
0.686 0.729618
0.687 0.773607
0.688 0.815856
0.689 0.855078
0.69 0.890222
0.691 0.920441
0.692 0.945054
0.693 0.963556
0.694 0.975568
0.695 0.980829
0.696 0.979185
0.697 0.970582
0.698 0.955078
0.699 0.932861
0.7 0.904278
0.701 0.869876
0.702 0.83044
0.703 0.787057
0.704 0.741143
0.705 0.694462
0.706 0.649025
0.707 0.607062
0.708 0.570868
0.709 0.542591
0.71 0.524014
0.711 0.516337
0.712 0.520015
0.713 0.534694
0.714 0.559272
0.715 0.592113
0.716 0.631223
0.717 0.674418
0.718 0.719586
0.719 0.764807
0.72 0.808426
0.721 0.849096
0.722 0.885784
0.723 0.917742
0.724 0.944474
0.725 0.965659
0.726 0.981107
0.727 0.990729
0.728 0.994515
0.729 0.992524
0.73 0.984865
0.731 0.971699
0.732 0.953245
0.733 0.929816
0.734 0.901839
0.735 0.869882
0.736 0.834691
0.737 0.797209
0.738 0.758606
0.739 0.720245
0.74 0.683705
0.741 0.650682
0.742 0.622866
0.743 0.601782
0.744 0.588637
0.745 0.584189
0.746 0.588659
0.747 0.601714
0.748 0.622497
0.749 0.649717
0.75 0.681865
0.751 0.717329
0.752 0.754494
0.753 0.7919
0.754 0.828281
0.755 0.862563
0.756 0.893888
0.757 0.92157
0.758 0.945075
0.759 0.96398
0.76 0.977954
0.761 0.986733
0.762 0.990094
0.763 0.98786
0.764 0.979889
0.765 0.966092
0.766 0.946451
0.767 0.921051
0.768 0.890103
0.769 0.854
0.77 0.813369
0.771 0.769122
0.772 0.722462
0.773 0.674916
0.774 0.628305
0.775 0.584627
0.776 0.545968
0.777 0.514315
0.778 0.491407
0.779 0.478554
0.78 0.476442
0.781 0.485074
0.782 0.503858
0.783 0.531625
0.784 0.566792
0.785 0.607537
0.786 0.651954
0.787 0.698194
0.788 0.744574
0.789 0.789613
0.79 0.832035
0.791 0.870763
0.792 0.904918
0.793 0.933815
0.794 0.956908
0.795 0.973764
0.796 0.984039
0.797 0.987481
0.798 0.983919
0.799 0.973284
0.8 0.955606
0.801 0.931045
0.802 0.89993
0.803 0.862778
0.804 0.820356
0.805 0.773705
0.806 0.724202
0.807 0.673553
0.808 0.623769
0.809 0.577079
0.81 0.535821
0.811 0.502273
0.812 0.478398
0.813 0.465637
0.814 0.464751
0.815 0.475701
0.816 0.497712
0.817 0.529335
0.818 0.568641
0.819 0.613461
0.82 0.66161
0.821 0.710997
0.822 0.759743
0.823 0.806214
0.824 0.8491
0.825 0.887375
0.826 0.920267
0.827 0.947207
0.828 0.967787
0.829 0.98175
0.83 0.988939
0.831 0.989286
0.832 0.9828
0.833 0.969574
0.834 0.949809
0.835 0.923834
0.836 0.892148
0.837 0.855441
0.838 0.814639
0.839 0.770935
0.84 0.725842
0.841 0.681143
0.842 0.638853
0.843 0.601098
0.844 0.56994
0.845 0.547235
0.846 0.534366
0.847 0.53207
0.848 0.540392
0.849 0.558657
0.85 0.585546
0.851 0.619317
0.852 0.658
0.853 0.699593
0.854 0.742222
0.855 0.784247
0.856 0.824322
0.857 0.861384
0.858 0.894615
0.859 0.923422
0.86 0.947396
0.861 0.966265
0.862 0.979885
0.863 0.98816
0.864 0.991054
0.865 0.98858
0.866 0.980795
0.867 0.96781
0.868 0.949818
0.869 0.927113
0.87 0.900116
0.871 0.869402
0.872 0.835731
0.873 0.800071
0.874 0.763607
0.875 0.727717
0.876 0.693909
0.877 0.663764
0.878 0.638792
0.879 0.620309
0.88 0.609316
0.881 0.606346
0.882 0.611454
0.883 0.624217
0.884 0.643806
0.885 0.669105
0.886 0.698781
0.887 0.731446
0.888 0.765733
0.889 0.800378
0.89 0.834277
0.891 0.866459
0.892 0.89612
0.893 0.922564
0.894 0.94521
0.895 0.96358
0.896 0.977253
0.897 0.985847
0.898 0.989046
0.899 0.986556
0.9 0.978159
0.901 0.963701
0.902 0.94312
0.903 0.916483
0.904 0.884034
0.905 0.846234
0.906 0.803799
0.907 0.757752
0.908 0.709461
0.909 0.660657
0.91 0.613373
0.911 0.569874
0.912 0.532475
0.913 0.503327
0.914 0.484246
0.915 0.476495
0.916 0.480564
0.917 0.496151
0.918 0.522226
0.919 0.557183
0.92 0.598998
0.921 0.64544
0.922 0.694314
0.923 0.743594
0.924 0.791501
0.925 0.836522
0.926 0.877425
0.927 0.91321
0.928 0.943127
0.929 0.96661
0.93 0.98325
0.931 0.992775
0.932 0.995016
0.933 0.989891
0.934 0.977414
0.935 0.957707
0.936 0.931015
0.937 0.89774
0.938 0.858474
0.939 0.814035
0.94 0.765527
0.941 0.714379
0.942 0.662331
0.943 0.611433
0.944 0.56395
0.945 0.522265
0.946 0.488638
0.947 0.46503
0.948 0.452862
0.949 0.452848
0.95 0.464928
0.951 0.488252
0.952 0.521257
0.953 0.56192
0.954 0.607945
0.955 0.657063
0.956 0.707131
0.957 0.756267
0.958 0.802924
0.959 0.845867
0.96 0.884157
0.961 0.917109
0.962 0.944234
0.963 0.965198
0.964 0.979803
0.965 0.987931
0.966 0.989535
0.967 0.984634
0.968 0.973297
0.969 0.955669
0.97 0.931989
0.971 0.902621
0.972 0.868097
0.973 0.829158
0.974 0.786795
0.975 0.742288
0.976 0.697189
0.977 0.653326
0.978 0.612753
0.979 0.577574
0.98 0.549751
0.981 0.530918
0.982 0.522183
0.983 0.523971
0.984 0.535984
0.985 0.557242
0.986 0.586269
0.987 0.621258
0.988 0.660309
0.989 0.701593
0.99 0.743426
0.991 0.78436
0.992 0.823225
0.993 0.859101
0.994 0.891275
0.995 0.919223
0.996 0.942547
0.997 0.960984
0.998 0.974339
0.999 0.98248
